0.123761 0.590059 0.081731 0.327512 0.811874 14
0.337945 0.618029 0.388303 0.757202 0.797503 14
0.025896 0.586474 0.053648 0.333146 0.787512 14
0.697378 0.622131 0.383855 0.738931 0.702518 14
0.530896 0.455287 0.098333 0.164642 0.582194 14
0.812620 0.496429 0.159564 0.314930 0.489992 14
0.189280 0.577474 0.095784 0.326633 0.450215 14
0.931398 0.625369 0.050087 0.129126 0.425648 14
0.898411 0.502488 0.038133 0.095090 0.373724 14
0.816202 0.644382 0.176711 0.660215 0.300732 14
0.979514 0.659553 0.044744 0.548164 0.293680 14
