0.692898 0.527306 0.060182 0.058063 0.746552 1
0.587009 0.539723 0.083323 0.069631 0.525891 1
0.912431 0.859591 0.179232 0.283733 0.495205 14
0.590939 0.513829 0.061821 0.086379 0.488552 14
0.368978 0.543805 0.113771 0.087093 0.476742 13
0.472418 0.540090 0.081861 0.080135 0.468213 13
0.476319 0.513301 0.063710 0.086938 0.460147 14
0.245011 0.545342 0.058682 0.087504 0.422671 14
0.381896 0.508683 0.052397 0.078531 0.414489 14
0.692014 0.518148 0.055081 0.067949 0.373650 14
0.237374 0.563436 0.096834 0.071401 0.372972 13
0.318852 0.533850 0.048147 0.086203 0.256410 14
