0.176235 0.624307 0.350788 0.731312 0.768521 14
0.566357 0.501430 0.151179 0.191144 0.687930 14
0.527361 0.427017 0.085914 0.223062 0.669491 14
0.349577 0.516488 0.136193 0.198248 0.622292 14
0.630122 0.440891 0.113898 0.305271 0.620595 14
0.026548 0.415223 0.053565 0.174154 0.512535 14
0.925525 0.684047 0.149428 0.613281 0.480200 14
0.785661 0.516135 0.265795 0.342166 0.417992 14
0.219558 0.824290 0.424338 0.355177 0.408350 8
0.834936 0.702454 0.065184 0.126374 0.356185 4
0.936351 0.366438 0.127149 0.601868 0.329813 14
0.730804 0.253895 0.072197 0.133329 0.283735 14
0.587677 0.769278 0.728228 0.453241 0.252747 10
