0.580266 0.477053 0.089883 0.091547 0.703502 14
0.786501 0.301803 0.123304 0.217566 0.690062 15
0.503433 0.632651 0.149835 0.245963 0.678397 8
0.271610 0.391245 0.081663 0.169787 0.634927 14
0.479129 0.880559 0.186434 0.242044 0.620178 8
0.747550 0.882066 0.151916 0.241653 0.571499 8
0.599091 0.619650 0.208342 0.232130 0.516021 10
0.693577 0.671536 0.165271 0.209939 0.504842 8
0.229221 0.144714 0.069966 0.118869 0.468582 14
0.695431 0.585280 0.178066 0.265033 0.388449 14
0.129096 0.722410 0.129240 0.212131 0.385529 14
0.099267 0.918572 0.167147 0.167125 0.361003 8
0.861140 0.488143 0.113445 0.147516 0.350437 8
0.618639 0.845497 0.356399 0.312288 0.342778 8
