0.182448 0.559857 0.121550 0.269814 0.807875 14
0.641610 0.409601 0.102835 0.318143 0.779371 14
0.194012 0.385565 0.102343 0.214330 0.728118 14
0.086202 0.578580 0.116001 0.248710 0.672988 14
0.277023 0.508664 0.098004 0.197464 0.614673 14
0.472231 0.741380 0.958118 0.561482 0.613418 6
0.450081 0.355938 0.156359 0.431986 0.559973 14
0.357383 0.509714 0.078092 0.127575 0.555910 14
0.052419 0.425844 0.077491 0.155572 0.516330 14
0.704441 0.644262 0.285089 0.242044 0.498425 14
0.567675 0.522302 0.152911 0.202357 0.375878 14
0.064695 0.648551 0.108385 0.198652 0.295610 14
