0.614794 0.378849 0.157162 0.202517 0.857625 14
0.832899 0.728859 0.333585 0.541332 0.846896 14
0.260010 0.543866 0.247653 0.427558 0.739225 14
0.124946 0.716699 0.247429 0.545113 0.713314 14
0.417581 0.441163 0.169794 0.287246 0.698084 14
0.330664 0.468836 0.152908 0.307283 0.653101 14
0.757407 0.449027 0.136438 0.242715 0.627356 14
0.469412 0.387223 0.102613 0.217995 0.473932 14
0.775864 0.570325 0.158491 0.279195 0.415740 14
0.681290 0.940817 0.233853 0.115572 0.383858 14
0.811109 0.521201 0.105717 0.187517 0.367593 14
0.423281 0.742782 0.554889 0.518756 0.331530 10
