0.341304 0.204415 0.076162 0.187919 0.714486 14
0.718733 0.228577 0.125951 0.201557 0.607103 14
0.522227 0.584860 0.144761 0.730566 0.603886 14
0.413749 0.277688 0.117303 0.312557 0.582395 14
0.243738 0.628958 0.225913 0.738989 0.536105 14
0.371033 0.623184 0.206932 0.712590 0.442124 14
0.571921 0.253731 0.065304 0.206552 0.438293 14
0.274061 0.288820 0.161558 0.240764 0.412954 14
0.717715 0.589244 0.210312 0.711318 0.383151 14
0.272591 0.220430 0.127873 0.220503 0.321588 14
0.520403 0.232895 0.103104 0.216666 0.319218 14
