0.454583 0.430098 0.213543 0.214545 0.895483 15
0.640304 0.685412 0.172677 0.267821 0.876731 15
0.265623 0.129109 0.159932 0.208033 0.833718 15
0.635448 0.434487 0.153244 0.195758 0.815282 15
0.265559 0.356841 0.188272 0.363238 0.792549 15
0.527087 0.921416 0.151603 0.157566 0.747275 15
0.428492 0.146486 0.182923 0.285712 0.746057 15
0.242099 0.650347 0.190862 0.353454 0.733843 15
0.832618 0.271468 0.221197 0.287036 0.711155 15
0.443400 0.683307 0.224424 0.249645 0.650773 15
0.359805 0.919030 0.216957 0.162717 0.634709 15
0.892797 0.735305 0.130173 0.165944 0.526327 15
0.667010 0.263126 0.252927 0.535152 0.514199 15
0.842780 0.627216 0.243542 0.180736 0.463483 15
0.107086 0.174184 0.212950 0.357327 0.440967 15
0.310248 0.742189 0.087160 0.114414 0.371420 15
0.660462 0.914232 0.160231 0.176722 0.347923 15
0.941532 0.844346 0.110033 0.109827 0.317746 15
0.725101 0.886798 0.238206 0.204718 0.259911 15
