0.184711 0.354560 0.167590 0.134645 0.827707 3
0.420772 0.596158 0.140012 0.176805 0.774540 3
0.717560 0.196155 0.076604 0.060183 0.725699 3
0.682256 0.288134 0.074224 0.079643 0.695337 3
0.968962 0.262268 0.064430 0.109821 0.672393 3
0.950289 0.397824 0.101229 0.098221 0.599862 3
0.970189 0.117174 0.061232 0.230273 0.523890 3
0.840272 0.194985 0.087044 0.054643 0.510570 3
0.295885 0.313306 0.068924 0.082556 0.507533 3
0.601313 0.290352 0.058064 0.085509 0.445974 3
0.839130 0.143201 0.080732 0.152675 0.383824 3
0.968084 0.194772 0.063905 0.061042 0.381855 3
0.070870 0.184372 0.143343 0.108180 0.264489 3
