0.475669 0.372090 0.218659 0.536587 0.789599 14
0.119127 0.391817 0.186049 0.529114 0.754020 14
0.659759 0.342466 0.117884 0.559125 0.675264 14
0.332302 0.356577 0.111913 0.547782 0.644867 14
0.573551 0.226855 0.105537 0.251461 0.643542 14
0.201140 0.345294 0.127430 0.536076 0.581298 14
0.472568 0.132002 0.093145 0.128425 0.500485 14
0.379107 0.142061 0.042011 0.076644 0.406164 14
0.031913 0.381244 0.062010 0.505814 0.390858 14
0.510449 0.744727 0.195749 0.358997 0.370344 7
0.834477 0.461374 0.315986 0.917162 0.336497 14
