0.413915 0.545054 0.157910 0.416221 0.884678 2
0.719238 0.646409 0.153283 0.186322 0.873465 2
0.436705 0.238670 0.071211 0.070085 0.834612 2
0.052675 0.383072 0.044696 0.102733 0.828934 2
0.215932 0.539874 0.086061 0.169889 0.818466 2
0.243472 0.231498 0.043402 0.068554 0.798969 2
0.625460 0.477831 0.098227 0.171875 0.796751 2
0.319696 0.400879 0.057016 0.096496 0.786141 2
0.209829 0.306415 0.041355 0.098647 0.781911 2
0.295616 0.259582 0.038126 0.091707 0.767286 2
0.082727 0.279751 0.040715 0.077345 0.766710 2
0.166620 0.415186 0.071328 0.112486 0.764835 2
0.035184 0.276755 0.045734 0.065545 0.757031 2
0.763179 0.431633 0.077036 0.149056 0.741789 2
0.371344 0.256831 0.044205 0.091613 0.741395 2
0.819760 0.351164 0.042182 0.097193 0.741161 2
0.519286 0.256644 0.050009 0.066089 0.706665 2
0.678767 0.288865 0.055250 0.066726 0.697579 2
0.911605 0.492672 0.064105 0.072054 0.659056 2
0.717018 0.369967 0.056630 0.086898 0.654734 2
0.557500 0.397996 0.081833 0.090268 0.653621 2
0.659666 0.376722 0.067309 0.131737 0.623634 2
0.511935 0.481310 0.151598 0.192166 0.615066 2
0.866793 0.416357 0.047253 0.086873 0.567288 2
0.628825 0.301082 0.052660 0.080799 0.562330 2
0.534589 0.328955 0.048754 0.067439 0.560180 2
0.144515 0.342597 0.047327 0.079540 0.553926 2
0.944203 0.454180 0.073307 0.087498 0.269828 2
0.665637 0.310090 0.069640 0.099620 0.261275 2
