0.884287 0.504720 0.176104 0.104647 0.933756 6
0.701084 0.721735 0.432816 0.209815 0.926432 6
0.254575 0.801679 0.467823 0.232734 0.894765 6
0.463365 0.636406 0.377007 0.152096 0.873195 6
0.116353 0.506772 0.181276 0.091953 0.854426 6
0.290659 0.525715 0.056033 0.149892 0.709102 14
0.577995 0.526318 0.314755 0.134412 0.528276 6
0.428404 0.534446 0.269367 0.115137 0.517064 6
0.922666 0.429797 0.026431 0.055747 0.372042 14
0.392443 0.469216 0.042445 0.037190 0.347772 14
0.454736 0.433685 0.029001 0.077467 0.303394 14
0.430859 0.428999 0.027339 0.072268 0.290963 14
0.280769 0.432770 0.034799 0.069569 0.276221 14
