0.124409 0.154224 0.123590 0.310992 0.868008 3
0.534635 0.499058 0.329444 0.677162 0.791277 3
0.345425 0.131053 0.072597 0.236895 0.788973 3
0.606478 0.040172 0.087662 0.081358 0.711040 3
0.768271 0.216623 0.149778 0.142639 0.646950 3
0.458477 0.057984 0.080159 0.103832 0.626724 3
0.935777 0.135042 0.124324 0.138793 0.621785 3
0.763575 0.052250 0.155546 0.103862 0.520809 3
0.127556 0.270152 0.125130 0.077848 0.460608 3
0.456469 0.086324 0.080620 0.047511 0.399810 3
0.653524 0.249512 0.100947 0.088163 0.361295 3
0.350418 0.216167 0.058654 0.053161 0.284825 3
