0.788047 0.590610 0.091143 0.394313 0.853413 14
0.418409 0.611599 0.113519 0.455315 0.797894 14
0.229008 0.542981 0.074788 0.283402 0.797014 14
0.703903 0.609994 0.104350 0.386167 0.759995 14
0.163849 0.554841 0.075093 0.262627 0.753110 14
0.836469 0.687212 0.250299 0.232115 0.711312 1
0.584287 0.631224 0.153108 0.235283 0.664105 1
0.501150 0.549322 0.102300 0.382143 0.547568 14
0.170549 0.604416 0.140868 0.171286 0.355349 1
0.968567 0.650021 0.062425 0.180523 0.322313 1
0.661898 0.506525 0.058486 0.160590 0.302974 14
