0.862408 0.194847 0.139986 0.383207 0.871586 14
0.762100 0.278225 0.114105 0.215461 0.818575 14
0.309696 0.230793 0.136219 0.466668 0.800203 14
0.460890 0.183857 0.093275 0.371878 0.692963 14
0.406961 0.192343 0.085046 0.376002 0.559476 14
0.122308 0.435629 0.228734 0.891301 0.546719 14
0.349303 0.644745 0.389370 0.396335 0.498108 12
0.577486 0.561629 0.414331 0.341503 0.429856 12
0.577486 0.561629 0.414331 0.341503 0.393886 16
0.642014 0.273246 0.145127 0.218184 0.320260 8
0.889437 0.444656 0.226129 0.713211 0.306225 14
0.237018 0.218039 0.072953 0.257220 0.302859 14
