0.688911 0.377297 0.150053 0.336616 0.739449 14
0.674200 0.455623 0.172549 0.273330 0.716195 13
0.847753 0.439504 0.165348 0.294453 0.706645 13
0.861711 0.354380 0.154460 0.359309 0.704324 14
0.314676 0.411328 0.218013 0.381205 0.491330 14
0.916066 0.209386 0.061834 0.176513 0.472790 14
0.581937 0.361864 0.124196 0.286349 0.470463 14
0.571628 0.428036 0.133805 0.287503 0.444142 13
0.331856 0.187569 0.058430 0.111992 0.442084 14
0.722711 0.160347 0.430233 0.312538 0.404447 5
0.306506 0.474749 0.210268 0.307808 0.402779 13
0.872978 0.163605 0.061943 0.094517 0.297927 14
0.309196 0.467320 0.210973 0.317847 0.295457 1
