0.735862 0.847344 0.210690 0.305587 0.807777 4
0.909165 0.854449 0.169631 0.289383 0.783817 4
0.327127 0.883055 0.208403 0.232554 0.761786 4
0.830889 0.481541 0.227217 0.974434 0.753675 4
0.156235 0.873488 0.207935 0.252904 0.738181 4
0.520206 0.899321 0.174524 0.195046 0.676419 4
0.633352 0.485347 0.232871 0.936796 0.662698 4
0.126682 0.952202 0.161671 0.098547 0.633063 4
0.571228 0.831513 0.199199 0.334990 0.593024 4
0.444583 0.476389 0.214509 0.920604 0.473387 4
0.064342 0.391065 0.129853 0.763911 0.457095 4
0.251848 0.384872 0.180706 0.755620 0.388652 4
0.411089 0.729912 0.176208 0.186335 0.336948 4
0.316019 0.970796 0.193685 0.060613 0.331272 4
0.711530 0.916473 0.181543 0.169924 0.330323 4
0.237716 0.703851 0.169211 0.178965 0.326544 4
0.047797 0.854050 0.099916 0.282390 0.279502 4
