0.269092 0.638624 0.101178 0.344961 0.789149 14
0.651198 0.712687 0.113678 0.181546 0.789011 1
0.929905 0.726589 0.139455 0.200031 0.774248 1
0.772318 0.631303 0.082036 0.287785 0.772406 14
0.504417 0.626101 0.130141 0.316026 0.727766 14
0.792864 0.701534 0.128736 0.166931 0.715121 1
0.496232 0.714881 0.117260 0.202820 0.665786 1
0.952160 0.643609 0.096252 0.319261 0.658032 14
0.271397 0.731928 0.132068 0.252121 0.652085 1
0.671866 0.627017 0.086157 0.289604 0.628573 14
0.357651 0.586343 0.054402 0.176250 0.557760 14
0.638743 0.630809 0.085117 0.289654 0.552287 14
0.339809 0.667438 0.074649 0.158989 0.522204 1
0.389355 0.628744 0.083297 0.098613 0.474097 1
0.564947 0.685349 0.056492 0.147575 0.419997 1
