0.396767 0.285325 0.150201 0.247296 0.821809 14
0.567546 0.298436 0.136665 0.228047 0.816940 14
0.696326 0.320672 0.137379 0.292597 0.790621 14
0.820964 0.438073 0.138502 0.219785 0.759015 14
0.804655 0.329106 0.158950 0.311894 0.742131 14
0.277642 0.240396 0.112003 0.108612 0.689938 14
0.907825 0.489984 0.183272 0.481062 0.641240 14
0.111743 0.470139 0.220751 0.473422 0.547655 14
0.073930 0.353079 0.113436 0.243809 0.492944 14
0.272787 0.635866 0.349899 0.718661 0.443081 14
0.583170 0.684121 0.595042 0.602003 0.304823 10
