0.517984 0.691104 0.109477 0.218428 0.817062 1
0.363117 0.580455 0.113815 0.338823 0.794908 14
0.672318 0.724487 0.104295 0.226542 0.793345 1
0.532159 0.586425 0.138741 0.389652 0.776173 14
0.361540 0.668675 0.111648 0.216648 0.751536 1
0.232611 0.639851 0.149110 0.228122 0.749233 1
0.673735 0.626568 0.109976 0.350734 0.722097 14
0.272792 0.540280 0.082413 0.358761 0.682683 14
0.728517 0.602713 0.120112 0.424965 0.672653 14
0.206978 0.540674 0.102264 0.328869 0.615597 14
0.417485 0.558230 0.090533 0.393787 0.602302 14
