0.867584 0.542905 0.264642 0.295215 0.880011 12
0.892808 0.436791 0.091801 0.245844 0.823704 14
0.216209 0.433348 0.094722 0.179953 0.781646 14
0.391128 0.553839 0.316250 0.355019 0.761446 12
0.371932 0.456555 0.099281 0.289762 0.690505 14
0.767112 0.408386 0.066409 0.168677 0.648134 14
0.566047 0.419993 0.108024 0.114309 0.601091 12
0.666871 0.368739 0.036923 0.104526 0.525264 14
0.194136 0.524367 0.158008 0.312325 0.462435 12
0.560786 0.377099 0.039905 0.098750 0.452039 14
0.720664 0.504110 0.191085 0.282183 0.405066 12
