0.746105 0.585207 0.147109 0.234521 0.840599 15
0.878673 0.329867 0.099652 0.269017 0.816290 15
0.208756 0.304437 0.174255 0.183364 0.739094 15
0.134633 0.512019 0.163136 0.276463 0.701231 15
0.681190 0.250969 0.254602 0.242883 0.689695 15
0.523197 0.595814 0.140917 0.197442 0.633215 15
0.237517 0.589160 0.136219 0.149228 0.628144 15
0.622216 0.524172 0.126718 0.184600 0.613950 15
0.418649 0.260547 0.227773 0.249840 0.580236 15
0.374967 0.569738 0.176886 0.183568 0.513094 15
0.454898 0.435851 0.160981 0.098629 0.418357 15
0.759389 0.042782 0.117745 0.086516 0.337491 15
0.377760 0.180340 0.323764 0.357427 0.296451 15
0.522559 0.799880 0.267385 0.176952 0.283491 15
