0.164865 0.769774 0.334982 0.454540 0.821579 14
0.764691 0.629807 0.165939 0.363469 0.750532 14
0.342755 0.626656 0.103131 0.227193 0.718145 14
0.884416 0.730153 0.210649 0.539079 0.696576 14
0.676176 0.610486 0.111772 0.317773 0.671535 14
0.588420 0.582789 0.112457 0.270272 0.664781 14
0.619385 0.865444 0.638432 0.265073 0.604491 10
0.265481 0.743052 0.264840 0.409310 0.500984 14
0.631531 0.731556 0.048885 0.170505 0.490311 4
0.208076 0.599646 0.099277 0.185876 0.454213 14
0.868585 0.473042 0.261321 0.394246 0.416918 14
