0.139459 0.886014 0.116892 0.231143 0.760994 8
0.458218 0.906283 0.245174 0.185098 0.691233 8
0.056885 0.898742 0.114587 0.200025 0.646282 8
0.189321 0.697368 0.039256 0.085467 0.598959 14
0.791269 0.795188 0.066059 0.099664 0.593450 8
0.961352 0.690561 0.074534 0.180369 0.588119 14
0.291515 0.807967 0.096123 0.127252 0.583278 8
0.721510 0.907902 0.164381 0.184721 0.574901 8
0.626079 0.809786 0.086805 0.135172 0.567457 8
0.558545 0.718299 0.040379 0.094942 0.496568 14
0.951056 0.924608 0.099298 0.148045 0.475015 8
0.741164 0.739328 0.052596 0.153097 0.474105 14
0.134048 0.754403 0.058027 0.059837 0.441781 8
0.766895 0.938729 0.201376 0.123854 0.430048 8
0.965634 0.793536 0.066674 0.384452 0.414552 14
0.302291 0.811586 0.105674 0.120733 0.405109 10
0.187744 0.784850 0.089248 0.123107 0.404107 8
0.635895 0.922922 0.393732 0.154946 0.360536 10
0.057521 0.899919 0.114488 0.209097 0.324159 10
0.279452 0.709804 0.087870 0.072295 0.319046 15
0.531450 0.775216 0.063269 0.073837 0.276486 8
0.215319 0.780523 0.045759 0.121404 0.274812 8
