0.835742 0.864409 0.328165 0.171117 0.945147 6
0.441511 0.883100 0.350011 0.158212 0.922157 6
0.238425 0.850385 0.041575 0.132895 0.726099 14
0.955917 0.483155 0.054015 0.195156 0.642371 4
0.030527 0.888730 0.051856 0.165835 0.615884 14
0.139445 0.842672 0.027961 0.089560 0.544900 14
0.685951 0.820604 0.041839 0.112080 0.498301 14
0.575760 0.809322 0.030660 0.069075 0.465049 14
0.266536 0.849481 0.040166 0.128850 0.428075 14
0.075893 0.861427 0.038545 0.095349 0.373156 14
0.117393 0.845623 0.027168 0.089192 0.312561 14
0.889383 0.476055 0.053806 0.179486 0.305099 4
