0.055677 0.731795 0.061221 0.238352 0.873499 4
0.668114 0.625450 0.448729 0.770656 0.830490 14
0.195903 0.685366 0.057012 0.193328 0.822852 4
0.358716 0.688908 0.288462 0.631301 0.786133 14
0.244656 0.456733 0.045008 0.155984 0.690521 4
0.143690 0.440630 0.051950 0.206043 0.646438 4
0.156496 0.929082 0.052099 0.145628 0.638361 4
0.308204 0.276701 0.048877 0.159545 0.620984 4
0.385542 0.312814 0.048066 0.141997 0.611385 4
0.108583 0.445109 0.061546 0.201171 0.544923 4
0.121716 0.934932 0.056974 0.134895 0.496775 4
0.266782 0.448021 0.054134 0.151578 0.329406 4
0.975853 0.654586 0.046964 0.170282 0.272874 4
0.925214 0.653085 0.053225 0.147449 0.259897 4
0.038099 0.160113 0.050413 0.208459 0.257440 4
