0.254257 0.766618 0.045276 0.143062 0.827498 14
0.908113 0.792190 0.042236 0.131317 0.822090 14
0.191331 0.763067 0.040306 0.144258 0.811045 14
0.127012 0.762797 0.039783 0.145279 0.803324 14
0.307996 0.767570 0.038805 0.135609 0.797129 14
0.432136 0.773020 0.039707 0.131252 0.747588 14
0.542553 0.778818 0.033916 0.113693 0.672841 14
0.673500 0.780697 0.039461 0.119157 0.644653 14
0.566166 0.783329 0.029172 0.098486 0.428010 14
0.768666 0.783355 0.033253 0.118804 0.403666 14
0.692170 0.782813 0.033622 0.115575 0.341985 14
