0.950510 0.329540 0.102093 0.179058 0.798727 14
0.451449 0.357424 0.071101 0.100015 0.745800 14
0.844283 0.381319 0.117989 0.138344 0.665643 14
0.311179 0.389944 0.147917 0.132761 0.618473 14
0.286603 0.562900 0.150658 0.163229 0.563724 8
0.717733 0.536355 0.484208 0.574661 0.420589 14
0.155743 0.556067 0.146586 0.199405 0.370952 8
0.472522 0.626767 0.323550 0.305289 0.360851 14
0.480708 0.835114 0.962363 0.341941 0.360119 10
0.132854 0.344152 0.045431 0.029484 0.348727 14
0.926433 0.485505 0.148095 0.139464 0.293476 10
