0.528771 0.219312 0.084059 0.262122 0.805964 4
0.438600 0.215983 0.085876 0.263655 0.753735 4
0.354391 0.214458 0.086105 0.266198 0.742989 4
0.193552 0.498899 0.059749 0.128838 0.691044 4
0.611227 0.494943 0.076877 0.143159 0.641013 4
0.613197 0.213509 0.088355 0.261016 0.594507 4
0.706907 0.200809 0.088021 0.214364 0.577224 4
0.689940 0.492424 0.082963 0.142043 0.570188 4
0.787373 0.194705 0.087255 0.201999 0.549248 4
0.776674 0.490483 0.079374 0.132238 0.506631 4
0.524574 0.501951 0.087315 0.155086 0.448551 4
0.266366 0.225058 0.096167 0.245366 0.395441 4
