0.485315 0.537862 0.108497 0.235048 0.859550 14
0.523294 0.812729 0.784882 0.373049 0.813346 10
0.592002 0.555452 0.113214 0.216032 0.804294 14
0.388123 0.540915 0.106888 0.227414 0.790207 14
0.520614 0.407799 0.126332 0.292011 0.788316 14
0.693185 0.568779 0.133390 0.255194 0.769954 14
0.821957 0.519088 0.184733 0.461107 0.671693 14
0.427960 0.373848 0.073974 0.212833 0.665710 14
0.262118 0.566425 0.145045 0.293222 0.648536 14
0.354434 0.407220 0.102225 0.245753 0.593803 14
0.641878 0.430240 0.129291 0.264040 0.568873 14
0.131584 0.577463 0.198491 0.552524 0.537956 14
0.254357 0.325751 0.106766 0.218430 0.500124 14
0.722127 0.458026 0.077869 0.339777 0.439252 14
0.911356 0.809224 0.179786 0.373420 0.259992 8
