0.289734 0.264678 0.069389 0.105320 0.742990 14
0.344636 0.258608 0.059014 0.103081 0.727070 14
0.861242 0.283126 0.057835 0.194645 0.721414 14
0.497708 0.625064 0.940409 0.640240 0.706924 6
0.217215 0.267935 0.052345 0.107332 0.665312 14
0.924113 0.310687 0.113171 0.335023 0.644129 14
0.172760 0.293474 0.050571 0.106101 0.397127 14
0.668281 0.286147 0.097297 0.199770 0.338521 14
0.961079 0.325992 0.075813 0.346445 0.277679 14
0.096623 0.265601 0.069151 0.130061 0.251272 15
0.068234 0.380318 0.111183 0.160183 0.250926 6
