0.636819 0.699127 0.103381 0.078874 0.856595 6
0.067743 0.698606 0.135737 0.171756 0.856302 6
0.300582 0.810520 0.211100 0.388904 0.789956 14
0.404528 0.688569 0.155748 0.139849 0.784451 6
0.166829 0.711327 0.135681 0.131738 0.772330 6
0.705861 0.697650 0.085314 0.075722 0.720919 6
0.546572 0.699050 0.119150 0.095991 0.712005 6
0.845310 0.679445 0.077291 0.080898 0.626457 6
0.779343 0.692123 0.052404 0.123096 0.551259 14
0.779636 0.689180 0.060718 0.112235 0.402592 6
0.320470 0.479504 0.031225 0.109966 0.357510 14
0.215308 0.702811 0.124700 0.121855 0.266340 6
