0.230442 0.564302 0.181343 0.610728 0.798397 14
0.760602 0.366524 0.189917 0.364413 0.739921 14
0.944501 0.707965 0.112863 0.389574 0.698043 9
0.602255 0.353606 0.175070 0.381507 0.674187 14
0.105010 0.538335 0.197945 0.660661 0.646947 14
0.702518 0.708717 0.152664 0.397945 0.577824 16
0.578317 0.721984 0.196317 0.349958 0.573765 16
0.488113 0.370765 0.148866 0.365077 0.533747 14
0.826595 0.736681 0.134128 0.342093 0.502450 9
0.826115 0.732630 0.136428 0.352637 0.435619 16
0.839914 0.331446 0.097736 0.362307 0.382522 14
0.360977 0.756746 0.214433 0.349439 0.285351 12
0.373110 0.750074 0.240582 0.374997 0.266908 16
