0.661737 0.182107 0.102029 0.328263 0.864929 14
0.931642 0.184897 0.135782 0.377969 0.816885 12
0.325718 0.211059 0.120347 0.340512 0.799740 14
0.230848 0.188822 0.110806 0.374083 0.785660 14
0.453606 0.632154 0.696199 0.553320 0.782440 12
0.742522 0.174286 0.084540 0.335289 0.778869 14
0.053014 0.790305 0.106558 0.417635 0.755436 14
0.818431 0.173869 0.089976 0.309334 0.641227 14
0.029149 0.209523 0.058761 0.397011 0.574082 14
0.283665 0.078951 0.070589 0.151781 0.351313 14
0.772198 0.874295 0.180805 0.245578 0.276818 14
0.520980 0.906483 0.305927 0.189069 0.269062 14
