0.787618 0.209702 0.059986 0.288962 0.769828 14
0.833846 0.201342 0.077208 0.301219 0.718829 14
0.926486 0.239641 0.144900 0.200787 0.623616 13
0.311947 0.314123 0.076179 0.164458 0.523822 1
0.433041 0.277391 0.080617 0.201561 0.437825 14
0.528953 0.477996 0.338229 0.639954 0.421485 14
0.530177 0.152513 0.077381 0.207546 0.412766 14
0.964609 0.170754 0.071057 0.237475 0.385768 14
0.438928 0.606120 0.530635 0.533086 0.369387 13
0.660756 0.138481 0.254557 0.211601 0.338654 6
0.259024 0.281464 0.118602 0.184104 0.306875 14
0.227488 0.323818 0.104701 0.151628 0.260187 1
