0.465494 0.797221 0.261165 0.408521 0.828848 14
0.188040 0.864441 0.275073 0.277018 0.780021 14
0.918171 0.804322 0.164784 0.380920 0.766862 14
0.282318 0.744965 0.167776 0.302708 0.691231 14
0.072019 0.659112 0.138116 0.134801 0.676976 19
0.761808 0.911834 0.042654 0.164753 0.649876 4
0.191447 0.373412 0.194465 0.101317 0.575234 15
0.725220 0.907433 0.038324 0.136665 0.553518 4
0.525473 0.410305 0.140113 0.102205 0.467438 15
0.599184 0.741043 0.089627 0.160361 0.460929 14
0.924512 0.954057 0.149624 0.093799 0.339105 14
0.031719 0.831991 0.065558 0.343465 0.298922 14
