0.818825 0.662742 0.057148 0.184608 0.721026 14
0.947369 0.680215 0.057070 0.180973 0.658031 14
0.671029 0.648432 0.048356 0.162385 0.630888 14
0.086055 0.680549 0.172697 0.228394 0.497613 6
0.912781 0.666732 0.038405 0.166793 0.482508 14
0.985922 0.667965 0.028954 0.174954 0.447734 14
0.211538 0.715621 0.037118 0.144758 0.384283 14
0.395052 0.641335 0.102926 0.093620 0.380277 6
0.603345 0.651546 0.051423 0.165590 0.345315 14
0.093057 0.679186 0.188472 0.227997 0.323750 5
0.550598 0.624141 0.085228 0.081957 0.271000 6
