0.104860 0.641904 0.211707 0.348428 0.720092 13
0.291104 0.602267 0.264654 0.325368 0.698948 13
0.121322 0.450504 0.121930 0.268953 0.579068 14
0.831855 0.391519 0.050984 0.142735 0.543127 14
0.887417 0.439632 0.080803 0.160895 0.514042 13
0.927938 0.359335 0.053035 0.129134 0.449859 14
0.768014 0.470636 0.197444 0.203412 0.439937 13
0.882609 0.389495 0.063334 0.148788 0.393061 14
0.967754 0.409955 0.065763 0.140333 0.392816 13
0.606600 0.480219 0.169087 0.229710 0.385389 13
0.708221 0.503860 0.242378 0.239413 0.363913 13
