0.363677 0.520826 0.649316 0.414902 0.862867 5
0.367774 0.655558 0.071317 0.276293 0.859788 14
0.511725 0.600706 0.068464 0.188215 0.804011 14
0.911622 0.565448 0.071002 0.207015 0.790247 14
0.964488 0.559729 0.055476 0.197304 0.767130 14
0.440463 0.643215 0.061398 0.279533 0.761878 14
0.713950 0.585818 0.254284 0.281991 0.571318 6
0.562313 0.592656 0.054499 0.180289 0.469259 14
0.617667 0.596560 0.084431 0.236427 0.467379 14
0.467992 0.627080 0.096532 0.243279 0.400253 14
0.716255 0.584752 0.263523 0.280863 0.376731 5
