0.166951 0.825949 0.352674 0.351693 0.828461 8
0.226571 0.252474 0.144515 0.202082 0.785411 14
0.596318 0.307138 0.170935 0.296088 0.739579 14
0.505122 0.285900 0.120900 0.245274 0.710390 14
0.745166 0.353163 0.226684 0.377641 0.702633 14
0.504195 0.468749 0.057696 0.205124 0.687433 4
0.303741 0.356216 0.033528 0.144691 0.683354 4
0.395050 0.381722 0.045033 0.151246 0.649876 4
0.134340 0.489464 0.267651 0.548131 0.605967 14
0.769180 0.568685 0.456126 0.776118 0.590574 14
0.444985 0.439166 0.051318 0.178677 0.546077 4
0.741308 0.813167 0.513354 0.375461 0.469530 8
0.039616 0.284463 0.079828 0.239734 0.429514 14
0.191550 0.345970 0.027689 0.095823 0.379071 4
0.119874 0.375062 0.205008 0.312799 0.255258 14
