0.533063 0.341839 0.175998 0.176960 0.862528 14
0.507244 0.637671 0.056945 0.153098 0.842527 4
0.210014 0.720431 0.427045 0.567252 0.794760 14
0.924395 0.541527 0.150633 0.328193 0.775642 14
0.746195 0.389020 0.192904 0.274054 0.766442 14
0.392477 0.343621 0.207858 0.171423 0.680619 14
0.885031 0.422438 0.210160 0.291350 0.600513 14
0.262035 0.562990 0.326267 0.417045 0.587806 14
0.674944 0.697713 0.071079 0.147097 0.547009 4
0.635715 0.720553 0.864546 0.648131 0.392213 10
0.270216 0.397210 0.150119 0.207946 0.298387 14
