0.759002 0.232767 0.056310 0.154224 0.772075 14
0.842168 0.264188 0.070163 0.243293 0.743052 14
0.195568 0.239368 0.036537 0.114874 0.730901 14
0.144388 0.232018 0.032542 0.114385 0.635206 14
0.113131 0.236959 0.035962 0.112606 0.567638 14
0.077466 0.236142 0.034141 0.115213 0.560917 14
0.720180 0.215807 0.042859 0.156329 0.524971 14
0.977912 0.298239 0.045006 0.194068 0.463214 12
0.895992 0.266866 0.061228 0.228007 0.442944 14
0.481581 0.434745 0.753337 0.750546 0.405083 6
0.169421 0.231818 0.030220 0.114943 0.365870 14
0.482296 0.435283 0.763942 0.752839 0.354696 5
