0.794164 0.627798 0.122883 0.428921 0.821984 14
0.333470 0.655364 0.100148 0.323981 0.729983 14
0.053005 0.623434 0.107521 0.234534 0.695139 14
0.705780 0.806868 0.127485 0.234216 0.617284 8
0.489288 0.533423 0.068868 0.211975 0.594911 14
0.178628 0.571058 0.112659 0.240210 0.593669 14
0.676684 0.712326 0.088721 0.313384 0.510556 14
0.517629 0.740314 0.089562 0.226009 0.477209 14
0.889265 0.509731 0.056286 0.138714 0.461502 14
0.295394 0.857144 0.192732 0.287930 0.454535 8
0.252573 0.593797 0.091574 0.152459 0.446391 14
0.963614 0.470156 0.067766 0.198269 0.414819 14
0.920100 0.732628 0.049427 0.141951 0.403530 14
0.262568 0.727397 0.134791 0.421430 0.291511 14
0.513000 0.804597 0.097310 0.219000 0.280218 8
