0.134082 0.522285 0.266004 0.569631 0.816631 14
0.892703 0.132308 0.102359 0.264699 0.789063 14
0.668898 0.061314 0.097842 0.120992 0.787665 14
0.296496 0.318752 0.229989 0.546684 0.705287 14
0.775184 0.584087 0.459286 0.643243 0.702937 14
0.764735 0.070466 0.072690 0.136986 0.661139 14
0.113791 0.222541 0.225764 0.446119 0.614484 14
0.828172 0.058373 0.074992 0.117654 0.582659 14
0.953470 0.090553 0.065464 0.166061 0.302765 14
0.730103 0.029590 0.043393 0.059267 0.293691 14
0.559773 0.019310 0.062946 0.037347 0.255921 14
