0.712191 0.354959 0.103016 0.146174 0.756493 3
0.843292 0.317063 0.047017 0.068818 0.642785 3
0.497971 0.620260 0.126925 0.135266 0.580865 3
0.459808 0.318499 0.034483 0.062354 0.563302 3
0.396993 0.312258 0.039634 0.070550 0.551962 3
0.683165 0.316732 0.034068 0.069398 0.514378 3
0.228883 0.315099 0.039943 0.069606 0.504625 3
0.515794 0.329513 0.037652 0.079527 0.498517 3
0.284617 0.316598 0.041173 0.069699 0.476831 3
0.180411 0.321859 0.040569 0.075255 0.458080 3
0.175572 0.517842 0.069531 0.035979 0.346091 3
0.896193 0.323078 0.031321 0.056020 0.338939 3
0.954298 0.506344 0.077168 0.030230 0.281674 3
0.548719 0.319360 0.040516 0.064643 0.273948 3
