0.412821 0.416872 0.253276 0.345336 0.876611 14
0.834266 0.738870 0.315186 0.518911 0.815675 14
0.064929 0.290165 0.133859 0.244941 0.802198 6
0.165727 0.633065 0.325452 0.746093 0.736561 14
0.494375 0.861514 0.248364 0.279336 0.684773 14
0.214585 0.173261 0.217256 0.103198 0.648456 6
0.681782 0.551796 0.134548 0.245524 0.646903 14
0.037713 0.166687 0.080324 0.064158 0.539134 6
0.706890 0.177747 0.109289 0.070736 0.448768 6
0.399831 0.160768 0.167765 0.051576 0.368091 6
0.151446 0.153253 0.093062 0.068636 0.269424 6
