0.698324 0.691884 0.427467 0.586805 0.821700 14
0.460018 0.358397 0.170727 0.134653 0.818114 14
0.905995 0.577745 0.188878 0.468733 0.778428 14
0.327622 0.325331 0.082305 0.120901 0.769279 14
0.234657 0.356517 0.133776 0.202437 0.758161 14
0.233049 0.461687 0.129504 0.165932 0.754319 14
0.578852 0.401908 0.134902 0.150524 0.734080 14
0.692837 0.373417 0.108422 0.113303 0.724767 14
0.776965 0.439227 0.101846 0.113852 0.693605 14
0.137308 0.520014 0.115530 0.212989 0.632321 14
0.335344 0.425476 0.129138 0.130539 0.589440 14
0.083593 0.512565 0.168683 0.404614 0.491869 14
0.324601 0.725260 0.639068 0.519203 0.429670 10
