0.594778 0.173866 0.087373 0.133907 0.775549 14
0.365367 0.394289 0.212021 0.299395 0.754576 14
0.533717 0.392693 0.050760 0.195157 0.743142 4
0.493811 0.191448 0.069243 0.151080 0.708027 14
0.390600 0.231561 0.122671 0.151304 0.694062 14
0.809529 0.639326 0.380191 0.682373 0.680421 14
0.168073 0.631831 0.337437 0.736132 0.614385 14
0.274359 0.262383 0.104349 0.187273 0.609618 14
0.782015 0.368787 0.176045 0.280870 0.598865 14
0.722098 0.281249 0.120629 0.250435 0.590224 14
0.204425 0.418237 0.133664 0.290600 0.461357 14
0.480386 0.673609 0.870809 0.688143 0.389352 10
