0.502062 0.273138 0.132728 0.274565 0.830903 14
0.164070 0.575929 0.327635 0.540441 0.692440 14
0.524342 0.760248 1.026636 0.476145 0.617359 10
0.274087 0.419442 0.172474 0.302603 0.595255 14
0.646901 0.352395 0.075472 0.128300 0.594734 8
0.944566 0.840574 0.112639 0.315223 0.566664 8
0.631258 0.579217 0.063774 0.153345 0.566372 4
0.069448 0.837886 0.141844 0.313825 0.541448 8
0.711554 0.335422 0.102355 0.223430 0.539077 14
0.714412 0.441047 0.310775 0.403639 0.532601 14
0.220023 0.251103 0.094605 0.258977 0.505745 14
0.826500 0.610524 0.348387 0.568011 0.416423 14
0.334651 0.493456 0.124758 0.217161 0.343166 4
0.323388 0.298461 0.083524 0.163856 0.259996 14
