0.920487 0.644708 0.111152 0.244324 0.877298 14
0.675524 0.624987 0.089794 0.312995 0.870359 14
0.789519 0.692787 0.088575 0.122560 0.823406 11
0.106423 0.708920 0.169703 0.581792 0.823245 14
0.390864 0.617215 0.095998 0.350547 0.770867 14
0.298836 0.685651 0.144339 0.193045 0.711886 12
0.486752 0.684406 0.153529 0.465449 0.670593 14
0.210886 0.545036 0.036517 0.114858 0.656190 14
0.740930 0.530082 0.038634 0.110116 0.580195 14
0.037533 0.831375 0.077631 0.340863 0.495495 12
0.299818 0.686283 0.143000 0.187294 0.439970 16
0.488286 0.675224 0.148209 0.446998 0.298505 12
