0.390778 0.152933 0.066875 0.290551 0.864725 4
0.333895 0.662515 0.090902 0.391607 0.830653 4
0.533739 0.152828 0.073353 0.301731 0.830374 4
0.409741 0.746200 0.086235 0.258727 0.827485 4
0.634895 0.175304 0.086119 0.348537 0.790873 4
0.176039 0.623287 0.081868 0.349337 0.775971 4
0.327090 0.162485 0.063461 0.293243 0.750034 4
0.460590 0.152871 0.076510 0.288868 0.735828 4
0.718231 0.178759 0.088136 0.368296 0.732460 4
0.500623 0.781710 0.089480 0.289890 0.712860 4
0.541103 0.435268 0.071831 0.313981 0.697083 4
0.415926 0.423444 0.071489 0.284684 0.660440 4
0.236354 0.181372 0.055118 0.301982 0.651365 4
0.461332 0.624730 0.079084 0.290774 0.647567 4
0.612518 0.456675 0.079045 0.360130 0.627832 4
0.688738 0.455387 0.086100 0.347081 0.606539 4
0.253605 0.627469 0.076178 0.346863 0.494647 4
0.278831 0.181495 0.052256 0.304909 0.490707 4
0.609758 0.741568 0.111494 0.492848 0.490471 4
0.090088 0.186461 0.075352 0.266690 0.488672 4
0.879343 0.197374 0.236847 0.400311 0.487045 14
0.478881 0.416133 0.064079 0.266388 0.475119 4
0.253351 0.412278 0.068417 0.236774 0.439569 4
0.106420 0.611151 0.071435 0.335740 0.424201 4
0.308057 0.413323 0.057371 0.249629 0.398952 4
0.143923 0.082469 0.067379 0.163358 0.390966 4
0.151103 0.388876 0.060934 0.202985 0.389192 4
0.202461 0.411810 0.056708 0.225421 0.361312 4
0.172392 0.164940 0.083674 0.290749 0.341236 4
0.360513 0.381817 0.054614 0.183880 0.324664 4
0.784487 0.445078 0.093169 0.390087 0.305727 4
0.068930 0.596680 0.109704 0.313325 0.261074 4
