0.344223 0.414632 0.446310 0.334268 0.893511 6
0.800105 0.353684 0.398003 0.274417 0.853903 6
0.572251 0.305461 0.067849 0.208581 0.782374 14
0.883404 0.191091 0.046571 0.060210 0.744518 14
0.033714 0.357333 0.064865 0.199890 0.716511 14
0.984625 0.185781 0.032764 0.078572 0.685771 14
0.204132 0.282474 0.064566 0.127562 0.639736 14
0.429610 0.237327 0.026971 0.042371 0.638504 14
0.470639 0.257107 0.050605 0.096057 0.590641 14
0.933499 0.193553 0.043773 0.045313 0.568624 14
0.511349 0.250144 0.045212 0.084975 0.464225 14
0.626584 0.296743 0.052905 0.179698 0.425410 14
0.089600 0.346287 0.061526 0.204809 0.401544 14
0.359697 0.241543 0.034927 0.036879 0.349502 14
0.031421 0.293271 0.060301 0.083552 0.283375 14
0.090739 0.285366 0.054994 0.082729 0.270681 14
