0.954557 0.260695 0.080865 0.091760 0.878001 19
0.209696 0.457718 0.213153 0.220828 0.876436 19
0.814237 0.251764 0.076568 0.085597 0.823320 19
0.516157 0.339096 0.128275 0.132079 0.807177 19
0.386592 0.383302 0.165553 0.151476 0.797997 19
0.656565 0.550921 0.157460 0.321061 0.766204 8
0.672979 0.245725 0.077908 0.086506 0.705789 19
0.810874 0.407880 0.090574 0.163333 0.652317 8
0.445217 0.228547 0.068184 0.081297 0.576162 19
0.550351 0.912172 0.306140 0.172639 0.551689 8
0.938208 0.517420 0.117673 0.255207 0.532356 8
0.762755 0.793652 0.242992 0.360250 0.359490 8
0.959298 0.413415 0.081867 0.140151 0.332745 8
0.140391 0.291783 0.113305 0.106503 0.330778 19
0.597189 0.307715 0.077112 0.110688 0.325234 19
0.419428 0.060179 0.106225 0.117618 0.307157 19
