0.507797 0.510777 0.666344 0.277885 0.890423 6
0.389154 0.372860 0.069202 0.181927 0.818497 14
0.174109 0.424859 0.081214 0.254735 0.795851 14
0.270912 0.372273 0.079409 0.209989 0.779326 14
0.601796 0.322838 0.078601 0.110022 0.758619 14
0.441730 0.354429 0.047061 0.124417 0.668602 14
0.569141 0.440509 0.049980 0.056585 0.608901 14
0.735764 0.353691 0.105687 0.066652 0.502382 6
0.106251 0.384884 0.055818 0.187871 0.491557 14
0.062891 0.394699 0.061626 0.184640 0.449991 14
0.843675 0.347045 0.039513 0.087039 0.364872 14
0.807306 0.342869 0.035288 0.079936 0.272314 14
