0.468109 0.199866 0.086266 0.127971 0.808056 14
0.258842 0.725239 0.440168 0.559561 0.762386 14
0.309312 0.378297 0.129209 0.211471 0.647910 14
0.938778 0.452067 0.119754 0.222546 0.547692 8
0.342338 0.576913 0.282987 0.394803 0.520408 14
0.446250 0.417830 0.132833 0.286802 0.488039 14
0.541901 0.763041 0.476423 0.414177 0.458195 10
0.759631 0.409162 0.055031 0.112574 0.428121 8
0.596129 0.429933 0.113508 0.197767 0.391790 8
0.370174 0.159505 0.111673 0.183485 0.388486 14
0.697188 0.705760 0.341581 0.583595 0.382217 14
0.833701 0.580902 0.066060 0.194604 0.373083 8
0.825396 0.782972 0.353403 0.421531 0.358781 14
0.162760 0.819157 0.333346 0.354149 0.267923 14
