0.235176 0.599607 0.103148 0.453346 0.887068 4
0.931967 0.624186 0.107083 0.392149 0.880660 4
0.818590 0.592240 0.131883 0.464021 0.879547 4
0.319789 0.619080 0.078973 0.350723 0.855998 4
0.660143 0.602247 0.098771 0.461473 0.851683 4
0.113983 0.633535 0.100032 0.371533 0.840831 4
0.393224 0.603362 0.097525 0.435150 0.764249 4
0.528652 0.601510 0.091285 0.420575 0.752244 4
0.386089 0.387394 0.115611 0.196944 0.587829 14
0.457881 0.624339 0.060587 0.354876 0.535276 4
0.043253 0.633920 0.082656 0.371041 0.495108 4
0.587641 0.594465 0.055796 0.386553 0.490077 4
0.522736 0.428225 0.060655 0.172490 0.417454 4
