0.801985 0.780503 0.343509 0.434268 0.818592 8
0.511877 0.334892 0.112728 0.235768 0.798281 14
0.539182 0.823949 0.187430 0.349276 0.774671 8
0.271454 0.648190 0.356882 0.672467 0.742765 14
0.307281 0.381777 0.144458 0.275711 0.720318 14
0.788885 0.633441 0.350368 0.703035 0.718722 14
0.645470 0.346045 0.157135 0.251399 0.697661 14
0.264313 0.790816 0.365611 0.430267 0.605634 8
0.515043 0.636665 0.523600 0.414712 0.521715 10
0.785498 0.397539 0.122443 0.281946 0.473241 14
0.450167 0.308710 0.102347 0.265104 0.468763 14
