0.171115 0.169233 0.114128 0.340425 0.830977 14
0.836560 0.272161 0.091898 0.369553 0.823233 14
0.280922 0.167855 0.117732 0.337428 0.801793 14
0.917205 0.275010 0.079986 0.342739 0.755987 14
0.757228 0.399632 0.125244 0.112950 0.732689 15
0.980044 0.281084 0.040366 0.347382 0.527724 14
0.579953 0.067264 0.034160 0.112154 0.519181 14
0.621917 0.074632 0.053195 0.110027 0.418679 14
0.352008 0.525035 0.460573 0.389661 0.403814 9
0.046521 0.408747 0.095255 0.140283 0.270829 15
0.352008 0.525035 0.460573 0.389661 0.257713 16
