0.186293 0.758586 0.100343 0.395072 0.914156 4
0.884968 0.742280 0.107787 0.444119 0.904896 4
0.784258 0.757068 0.104259 0.401249 0.901500 4
0.285044 0.766507 0.090574 0.372941 0.901494 4
0.684397 0.760057 0.105819 0.376729 0.898733 4
0.481946 0.766904 0.104064 0.378928 0.892205 4
0.381615 0.769368 0.086125 0.374118 0.891860 4
0.580266 0.740958 0.088086 0.392537 0.871843 4
0.087457 0.771295 0.103351 0.409745 0.869603 4
0.290336 0.226599 0.120098 0.433959 0.855137 4
0.489640 0.231524 0.101722 0.435170 0.836320 4
0.806886 0.252356 0.111387 0.380688 0.821059 4
0.387302 0.226169 0.090585 0.436719 0.810139 4
0.193077 0.232021 0.112799 0.434300 0.790837 4
0.698087 0.246207 0.124126 0.395277 0.769799 4
0.602470 0.257611 0.093670 0.359944 0.682678 4
0.899695 0.261741 0.105350 0.430530 0.590202 4
0.093625 0.231217 0.116407 0.441309 0.461458 4
