0.464720 0.518550 0.127180 0.236224 0.803990 14
0.279879 0.508562 0.175117 0.199515 0.798232 14
0.577160 0.554004 0.139927 0.257521 0.726067 14
0.254631 0.830557 0.370504 0.337368 0.712888 8
0.676496 0.543467 0.116837 0.277882 0.566848 14
0.769325 0.604553 0.175688 0.347182 0.504805 14
0.518224 0.785504 0.780704 0.415259 0.480377 10
0.881466 0.668499 0.104886 0.255175 0.377539 8
0.069744 0.794509 0.142182 0.399831 0.331530 8
0.793596 0.859519 0.064024 0.127345 0.313499 4
0.139805 0.632321 0.177148 0.355158 0.287239 14
