0.870269 0.245037 0.229918 0.419415 0.912467 14
0.691914 0.267650 0.199865 0.363526 0.861814 14
0.381582 0.268999 0.167844 0.366193 0.819020 14
0.174876 0.749844 0.312419 0.373934 0.793788 14
0.457664 0.779133 0.336027 0.316260 0.765716 14
0.647432 0.823927 0.121459 0.211520 0.701723 14
0.772762 0.752372 0.306732 0.367496 0.686896 14
0.540876 0.277100 0.253774 0.348252 0.663403 14
0.269083 0.287340 0.146187 0.340625 0.652520 14
0.125814 0.352490 0.220706 0.284917 0.480120 14
0.628068 0.732937 0.158044 0.224787 0.411403 14
0.365690 0.774546 0.165855 0.302168 0.349376 14
