0.222297 0.279573 0.081018 0.240336 0.854734 14
0.145791 0.407285 0.076214 0.106712 0.720180 14
0.028517 0.449741 0.056359 0.185190 0.695999 14
0.751282 0.317467 0.104749 0.204272 0.677491 14
0.108528 0.362004 0.064713 0.169466 0.655939 14
0.837244 0.336632 0.073564 0.166484 0.642667 14
0.306729 0.243091 0.072570 0.162414 0.621831 14
0.895978 0.329198 0.086438 0.185611 0.604298 14
0.597542 0.252535 0.060127 0.087059 0.595130 14
0.493872 0.587173 0.983242 0.659832 0.583695 6
0.215061 0.392854 0.072751 0.085013 0.562518 14
0.293905 0.317320 0.065900 0.146788 0.500250 14
0.014788 0.288744 0.030175 0.187438 0.471375 14
0.880256 0.256505 0.087391 0.166460 0.327325 14
