0.384150 0.674167 0.297382 0.633287 0.915582 14
0.671029 0.529659 0.060830 0.137843 0.823600 14
0.030031 0.542220 0.059085 0.219479 0.809699 14
0.098289 0.568006 0.072770 0.147506 0.793559 14
0.800182 0.530150 0.071967 0.145355 0.787799 14
0.173120 0.515569 0.070947 0.169977 0.771279 14
0.730935 0.529150 0.067562 0.137410 0.686377 14
0.469447 0.206349 0.256219 0.109003 0.648484 2
0.535614 0.554705 0.104767 0.209286 0.622675 14
0.970801 0.620933 0.059438 0.488914 0.494240 14
0.133312 0.518180 0.043043 0.155949 0.400915 14
