0.776818 0.474671 0.218884 0.225208 0.918094 6
0.830615 0.041643 0.088524 0.081176 0.877174 6
0.452946 0.580936 0.309698 0.249750 0.877170 6
0.284165 0.263760 0.149386 0.146708 0.873753 6
0.660245 0.083562 0.094673 0.092875 0.871042 6
0.392009 0.337983 0.176336 0.168857 0.869425 6
0.932493 0.259057 0.132539 0.154984 0.863974 6
0.719744 0.258309 0.119319 0.151161 0.860405 6
0.656038 0.296519 0.140830 0.162175 0.858901 6
0.530855 0.193150 0.145309 0.178592 0.781981 6
0.918356 0.201496 0.130684 0.138283 0.737700 6
0.419617 0.031303 0.102471 0.066252 0.728177 6
0.420039 0.462579 0.223104 0.155202 0.524592 6
0.184073 0.042861 0.107566 0.085987 0.514316 6
0.975159 0.115815 0.051016 0.125214 0.475912 6
0.273916 0.043675 0.049358 0.092769 0.469121 14
0.574609 0.137975 0.117494 0.103682 0.435677 6
0.356425 0.019938 0.049130 0.041795 0.428104 6
0.126716 0.065447 0.087641 0.107685 0.351085 6
0.297167 0.044094 0.033679 0.089587 0.263207 14
