0.779830 0.589819 0.209383 0.370240 0.782294 12
0.484150 0.456442 0.092133 0.343121 0.776283 14
0.208827 0.458294 0.095192 0.389371 0.740409 14
0.243958 0.591503 0.325938 0.481668 0.666553 12
0.947818 0.591339 0.098565 0.350057 0.648094 12
0.721744 0.367982 0.153829 0.086728 0.413924 6
0.640721 0.606954 0.133532 0.363657 0.374302 12
0.033002 0.457550 0.066868 0.227625 0.372843 12
0.534488 0.571222 0.292955 0.444793 0.336349 12
0.743058 0.475135 0.080654 0.237146 0.327016 14
0.289560 0.380928 0.057518 0.117469 0.315031 14
0.974044 0.483868 0.054876 0.307202 0.261263 14
