0.736704 0.792994 0.131072 0.127558 0.894391 6
0.771094 0.923722 0.159758 0.158325 0.855773 6
0.452391 0.818806 0.130719 0.125697 0.833654 6
0.922848 0.700066 0.129880 0.111798 0.825870 6
0.172294 0.811721 0.142988 0.173452 0.809894 6
0.416819 0.638544 0.090802 0.092312 0.753564 6
0.651465 0.684873 0.112276 0.133595 0.740270 6
0.366230 0.580274 0.096121 0.076415 0.677677 6
0.824837 0.434440 0.084473 0.071171 0.613427 6
0.459266 0.717605 0.128758 0.115555 0.547409 6
0.517419 0.170138 0.992511 0.328053 0.458960 5
0.413970 0.512355 0.080763 0.077389 0.432638 5
0.451920 0.941030 0.154327 0.117192 0.415352 6
0.414360 0.512414 0.081310 0.078617 0.411201 6
0.735950 0.416772 0.077829 0.065612 0.388547 6
0.709034 0.405359 0.083932 0.063140 0.321428 6
0.691860 0.384259 0.068041 0.068137 0.296380 6
