0.627779 0.429715 0.078763 0.142712 0.892772 16
0.823702 0.437606 0.088440 0.163512 0.838018 16
0.707488 0.414745 0.062669 0.118237 0.813314 16
0.351337 0.444567 0.121621 0.138734 0.812359 16
0.257007 0.433319 0.107782 0.137677 0.791879 16
0.452668 0.318754 0.045216 0.060314 0.787076 16
0.755138 0.438202 0.065130 0.153418 0.751318 16
0.502607 0.323708 0.052433 0.064553 0.673620 16
0.199793 0.482578 0.086058 0.087618 0.621561 16
0.476490 0.321472 0.062971 0.061654 0.331249 16
0.037139 0.216924 0.076940 0.203559 0.329055 16
