0.387591 0.450800 0.147123 0.196935 0.729933 14
0.554815 0.435108 0.129674 0.228658 0.694949 14
0.535152 0.533568 0.039299 0.132897 0.690292 4
0.656415 0.455156 0.142729 0.235965 0.663225 14
0.138920 0.474760 0.167045 0.326109 0.638140 14
0.274888 0.449649 0.138836 0.207979 0.531886 14
0.857616 0.568325 0.288391 0.594007 0.491942 14
0.517543 0.778230 0.984345 0.441347 0.462705 10
0.629256 0.633588 0.077720 0.223863 0.453704 4
0.041947 0.518920 0.086519 0.399882 0.414145 14
0.884274 0.419086 0.069495 0.186224 0.327836 14
