0.045443 0.866529 0.095049 0.263517 0.832645 14
0.228223 0.619322 0.077239 0.278419 0.785161 14
0.312653 0.618502 0.080853 0.261099 0.756990 14
0.046120 0.641986 0.091931 0.386884 0.740493 14
0.169003 0.619105 0.056673 0.259219 0.717860 14
0.921518 0.685883 0.061956 0.083812 0.638595 14
0.779508 0.572690 0.078460 0.080873 0.589944 14
0.374807 0.622079 0.103187 0.245668 0.580787 14
0.975191 0.654351 0.050087 0.192020 0.560037 14
0.852901 0.591198 0.054871 0.091964 0.426064 14
0.361019 0.506059 0.062214 0.095931 0.319953 14
