0.369648 0.641561 0.738656 0.562010 0.857111 6
0.939025 0.486009 0.095146 0.213300 0.851218 14
0.546176 0.374220 0.097703 0.180644 0.753821 14
0.847380 0.342106 0.137789 0.090026 0.689378 6
0.709567 0.444604 0.077242 0.378185 0.648967 14
0.644218 0.396716 0.089007 0.242381 0.621681 14
0.950107 0.337397 0.080475 0.213219 0.605752 14
0.378865 0.428316 0.051929 0.061543 0.528787 14
0.310667 0.451675 0.051125 0.090118 0.489680 14
0.981872 0.335775 0.035318 0.229851 0.447539 14
0.518463 0.318696 0.079184 0.252848 0.436955 14
0.043602 0.447243 0.090239 0.173310 0.436012 14
0.583382 0.265323 0.059193 0.134370 0.366913 14
