0.161384 0.135338 0.106253 0.157038 0.759818 14
0.246760 0.142989 0.084064 0.132102 0.755978 14
0.307070 0.142800 0.074898 0.105957 0.742316 14
0.084746 0.146737 0.081648 0.127799 0.714294 14
0.772975 0.123221 0.080887 0.097367 0.646258 14
0.489567 0.544675 0.965584 0.875353 0.645301 6
0.417469 0.136685 0.056280 0.065181 0.620968 14
0.917290 0.225647 0.070175 0.237459 0.612382 14
0.706962 0.117037 0.037358 0.056770 0.597949 14
0.022570 0.133317 0.046612 0.176789 0.492268 14
0.971183 0.214787 0.058554 0.289717 0.473157 14
0.730856 0.119079 0.034578 0.057445 0.345858 14
0.856809 0.204393 0.048298 0.087526 0.299581 14
