0.871773 0.212021 0.124080 0.065843 0.719170 16
0.308393 0.191926 0.145744 0.134511 0.710286 16
0.197595 0.172920 0.099595 0.087927 0.518470 9
0.308435 0.192359 0.148862 0.135410 0.495606 9
0.044095 0.150027 0.089018 0.057521 0.462442 9
0.520537 0.634653 0.533680 0.743399 0.452047 16
0.968061 0.258506 0.060228 0.070820 0.392727 16
0.967779 0.159442 0.061622 0.044208 0.392352 16
0.870472 0.208255 0.119966 0.070649 0.325173 9
0.044819 0.259622 0.090455 0.195612 0.302509 16
0.040868 0.289350 0.084652 0.266017 0.297902 9
0.029419 0.335789 0.059445 0.246406 0.254481 16
