0.853158 0.162259 0.079398 0.088150 0.811712 14
0.801587 0.659938 0.393150 0.673153 0.746247 14
0.917330 0.329685 0.113679 0.130487 0.601660 14
0.913079 0.173441 0.060431 0.067498 0.591244 14
0.481772 0.362755 0.097036 0.186564 0.583269 14
0.360930 0.517747 0.272761 0.406520 0.560538 14
0.417337 0.374984 0.130411 0.196342 0.516263 14
0.142217 0.615305 0.287928 0.428471 0.506848 14
0.666049 0.413322 0.129272 0.268896 0.504534 14
0.227430 0.320305 0.414153 0.565176 0.387851 14
0.236949 0.090617 0.097726 0.177104 0.300420 15
0.378427 0.773667 0.697322 0.445658 0.295900 10
0.642070 0.341490 0.073991 0.160852 0.265928 14
