0.686866 0.625671 0.241444 0.388039 0.831540 8
0.413482 0.634212 0.244578 0.419423 0.731521 8
0.556769 0.306544 0.178926 0.257043 0.674654 15
0.707831 0.431800 0.106503 0.231680 0.616857 14
0.458185 0.537999 0.165719 0.474319 0.597995 14
0.780326 0.373194 0.093373 0.133820 0.571532 14
0.366638 0.370253 0.083344 0.133273 0.535962 8
0.275143 0.533269 0.162183 0.463212 0.493587 14
0.834558 0.583165 0.165068 0.343462 0.456969 8
0.062144 0.581751 0.116441 0.248654 0.349082 15
0.582475 0.523511 0.193311 0.198323 0.324260 10
0.939826 0.771092 0.122098 0.397706 0.322749 8
0.938823 0.779408 0.122861 0.404658 0.273089 11
0.264656 0.543946 0.149289 0.451352 0.259961 8
0.212464 0.255772 0.079037 0.111290 0.258407 15
