0.338800 0.640827 0.219977 0.204172 0.923134 6
0.970070 0.632131 0.061864 0.320040 0.876571 14
0.687753 0.589209 0.071194 0.273912 0.843178 14
0.913260 0.632518 0.072022 0.309845 0.827940 14
0.564182 0.587081 0.069888 0.221613 0.822145 14
0.810990 0.601659 0.071056 0.315665 0.779570 14
0.136751 0.677039 0.267161 0.653020 0.768800 14
0.505352 0.581235 0.047389 0.201159 0.739913 14
0.622857 0.599861 0.060437 0.226212 0.720024 14
0.761714 0.604980 0.062844 0.292987 0.709213 14
0.464122 0.583531 0.054906 0.182478 0.583864 14
0.418992 0.553255 0.036391 0.112350 0.325354 14
0.214573 0.568412 0.027184 0.076244 0.306422 14
0.696981 0.281494 0.064625 0.140389 0.277569 14
0.753401 0.262407 0.057561 0.161113 0.277033 14
