0.510638 0.483832 0.179324 0.233039 0.857334 14
0.720966 0.517303 0.186104 0.249034 0.854843 14
0.681520 0.768401 0.056476 0.207869 0.822667 4
0.296480 0.479677 0.157200 0.220821 0.788533 14
0.855107 0.709101 0.047397 0.186006 0.786189 4
0.257959 0.355710 0.148119 0.211922 0.729410 14
0.249662 0.694087 0.452919 0.581066 0.657594 14
0.957650 0.622091 0.086605 0.407015 0.594761 14
0.761001 0.335937 0.082317 0.163175 0.568082 14
0.485831 0.554251 0.042889 0.102529 0.378964 4
0.575003 0.775491 0.763582 0.440420 0.357109 10
0.120661 0.822338 0.224488 0.351957 0.256284 8
