0.761217 0.366319 0.091377 0.115691 0.836222 14
0.874939 0.582029 0.170100 0.283930 0.825280 8
0.227326 0.797918 0.194795 0.367340 0.802429 8
0.086576 0.776984 0.166841 0.353503 0.780715 8
0.746221 0.570596 0.113467 0.242145 0.773869 8
0.159539 0.485845 0.107948 0.164849 0.746482 14
0.835532 0.366861 0.061877 0.115718 0.743617 14
0.452710 0.725433 0.183361 0.382781 0.731989 8
0.261827 0.457391 0.087131 0.150405 0.726611 14
0.934451 0.274454 0.125929 0.268340 0.720896 15
0.625713 0.561217 0.137220 0.248315 0.654621 8
0.476146 0.532488 0.172866 0.359580 0.650184 14
0.081419 0.574006 0.152621 0.337285 0.644099 14
0.262764 0.676179 0.337323 0.409405 0.626795 10
0.691759 0.365943 0.069769 0.112970 0.617548 14
0.641660 0.476198 0.121896 0.281854 0.584071 14
0.871724 0.464608 0.162995 0.261753 0.536772 14
0.305039 0.380427 0.055029 0.088821 0.530238 14
0.582883 0.389698 0.078813 0.130233 0.442406 14
0.365543 0.372083 0.062305 0.078360 0.385880 14
0.884509 0.379547 0.086871 0.111021 0.323123 14
0.432774 0.373908 0.052385 0.081033 0.272714 14
0.578109 0.460137 0.082998 0.258663 0.263652 14
