0.691961 0.525587 0.058639 0.066081 0.652346 1
0.588982 0.534182 0.076423 0.073834 0.588321 1
0.592021 0.516159 0.062865 0.094104 0.512819 14
0.239696 0.569259 0.099948 0.063069 0.470097 1
0.312694 0.558340 0.086491 0.066956 0.457908 1
0.914907 0.858897 0.171135 0.286611 0.444934 14
0.478513 0.516380 0.061127 0.089618 0.443612 14
0.383186 0.515576 0.056742 0.088288 0.423461 14
0.247539 0.540892 0.054828 0.090507 0.413650 14
0.357318 0.550940 0.133099 0.076960 0.380055 1
0.475142 0.539366 0.075826 0.080096 0.331212 1
0.691009 0.520607 0.056021 0.073676 0.324681 14
0.320137 0.533852 0.048457 0.081703 0.275554 14
