0.400598 0.681587 0.242523 0.227922 0.890232 1
0.532905 0.633856 0.216260 0.220036 0.851103 1
0.513027 0.539279 0.139842 0.283708 0.803768 14
0.809701 0.605792 0.168767 0.189344 0.775019 1
0.369501 0.585259 0.132595 0.297181 0.762419 14
0.136010 0.304721 0.044817 0.163780 0.666825 14
0.802968 0.516409 0.103882 0.238651 0.584319 14
0.270646 0.373363 0.045655 0.096786 0.464937 14
0.767732 0.481350 0.099112 0.234529 0.287901 14
0.442576 0.432065 0.047066 0.112508 0.275494 14
0.771456 0.539697 0.146556 0.146275 0.256178 1
