0.792017 0.613946 0.421330 0.292946 0.919774 6
0.168982 0.592984 0.101630 0.376320 0.836388 14
0.056466 0.577741 0.084963 0.385135 0.792858 14
0.478678 0.578286 0.088476 0.335569 0.772975 14
0.250724 0.606994 0.085714 0.356722 0.730443 14
0.682150 0.430319 0.096320 0.133239 0.571950 14
0.587958 0.550765 0.128733 0.361091 0.524502 14
0.315803 0.549894 0.084682 0.202500 0.449628 6
0.541719 0.562070 0.075634 0.338966 0.382954 14
0.866376 0.523273 0.263103 0.121624 0.316479 6
0.396176 0.553057 0.131109 0.165804 0.298453 6
0.480785 0.577738 0.095104 0.338342 0.270443 6
0.270501 0.595995 0.132885 0.337633 0.257648 6
