0.672901 0.460384 0.176895 0.268081 0.746044 13
0.856574 0.364868 0.159463 0.370330 0.687593 14
0.690781 0.372094 0.142716 0.325642 0.614041 14
0.585470 0.358965 0.129698 0.286936 0.600868 14
0.849357 0.441512 0.161853 0.285283 0.586367 13
0.916104 0.208683 0.062951 0.176923 0.555441 14
0.300407 0.483430 0.202346 0.282984 0.511766 13
0.311259 0.419757 0.218483 0.383837 0.429933 14
0.570942 0.447520 0.132146 0.279239 0.411440 13
0.331090 0.194031 0.057969 0.134385 0.373599 14
0.732401 0.167621 0.441129 0.314477 0.298508 5
