0.743283 0.580822 0.139071 0.236982 0.853913 15
0.686089 0.243701 0.268185 0.249923 0.802663 15
0.624926 0.517842 0.132654 0.218376 0.757232 15
0.208030 0.302646 0.186478 0.184164 0.741484 15
0.524681 0.591988 0.135390 0.202803 0.703733 15
0.879478 0.320906 0.095043 0.288592 0.664029 15
0.421544 0.253636 0.225577 0.256014 0.622922 15
0.140733 0.508482 0.181285 0.273549 0.606941 15
0.236155 0.586826 0.129600 0.162174 0.542075 15
0.378084 0.566178 0.172366 0.210893 0.499215 15
0.381769 0.163308 0.325649 0.320439 0.372214 15
0.298178 0.529579 0.116140 0.152252 0.330827 15
0.050923 0.115000 0.106104 0.161364 0.250188 19
