0.836432 0.864807 0.329932 0.171707 0.931433 6
0.440493 0.883450 0.361653 0.155371 0.922681 6
0.235864 0.850867 0.039871 0.132699 0.753574 14
0.030048 0.889390 0.051121 0.161409 0.740887 14
0.139110 0.842857 0.028910 0.094460 0.596292 14
0.686859 0.825675 0.041370 0.119141 0.556033 14
0.076807 0.859214 0.040598 0.103376 0.466154 14
0.575909 0.810479 0.027803 0.071609 0.448981 14
0.265907 0.846673 0.037598 0.126173 0.398231 14
0.118827 0.842619 0.028039 0.089759 0.391569 14
0.959247 0.484616 0.054772 0.194406 0.330057 4
