0.484621 0.542129 0.112737 0.242358 0.825956 14
0.591998 0.555373 0.115349 0.227107 0.806755 14
0.389510 0.541328 0.103548 0.225174 0.790294 14
0.518574 0.402590 0.134867 0.284718 0.780694 14
0.689685 0.573217 0.132168 0.268170 0.731034 14
0.817802 0.487745 0.158186 0.402519 0.667024 14
0.524894 0.807069 0.790643 0.353501 0.663220 10
0.272506 0.567342 0.127641 0.277688 0.601646 14
0.428063 0.379334 0.075474 0.214611 0.583570 14
0.353875 0.406539 0.109463 0.244317 0.561062 14
0.641934 0.430238 0.128009 0.260032 0.552251 14
0.247355 0.323961 0.121120 0.218036 0.502606 14
0.222612 0.523817 0.160039 0.385107 0.442628 14
0.903877 0.808779 0.195566 0.385947 0.426187 8
0.722587 0.457039 0.084501 0.329086 0.411718 14
0.130034 0.398670 0.123382 0.214807 0.383120 14
0.670737 0.652601 0.038757 0.105146 0.334743 4
