0.463910 0.800202 0.268831 0.407979 0.810945 14
0.916464 0.813103 0.166699 0.376611 0.790380 14
0.191771 0.859696 0.255169 0.280630 0.756108 14
0.287626 0.753530 0.170659 0.301476 0.729255 14
0.760504 0.910670 0.046556 0.170502 0.681300 4
0.190540 0.369561 0.194507 0.102617 0.670623 15
0.522988 0.409182 0.139938 0.104051 0.554931 15
0.598348 0.753138 0.089994 0.183721 0.531048 14
0.722010 0.905498 0.040398 0.148027 0.454173 4
0.895319 0.953468 0.203799 0.094769 0.352393 14
0.072970 0.661327 0.145960 0.143037 0.318550 19
0.068442 0.791477 0.136849 0.408316 0.270784 14
