0.816130 0.665160 0.052309 0.186358 0.822274 14
0.671175 0.647773 0.043889 0.163290 0.671841 14
0.945008 0.680304 0.054125 0.180403 0.589827 14
0.985104 0.672428 0.029897 0.187485 0.571114 14
0.912497 0.668310 0.038791 0.172418 0.544319 14
0.395228 0.645557 0.107988 0.086534 0.539643 6
0.606440 0.646732 0.052896 0.171522 0.467579 14
0.738455 0.648931 0.035076 0.162268 0.446440 14
0.105197 0.680284 0.217184 0.229517 0.415284 6
0.966066 0.675224 0.056748 0.181728 0.326525 14
0.105197 0.680284 0.217184 0.229517 0.290683 5
