0.840003 0.261379 0.060937 0.233070 0.803903 14
0.759254 0.232731 0.056272 0.156247 0.796803 14
0.195738 0.237338 0.038269 0.110889 0.792994 14
0.144451 0.231213 0.033346 0.108273 0.653910 14
0.111859 0.238187 0.038386 0.116791 0.644434 14
0.895624 0.265717 0.064883 0.223059 0.572137 14
0.078908 0.239602 0.034970 0.110815 0.463407 14
0.721017 0.214136 0.041865 0.157162 0.458704 14
0.916173 0.209822 0.052233 0.123401 0.405959 14
0.168517 0.231769 0.031733 0.106793 0.400192 14
0.046495 0.231993 0.029335 0.096460 0.388709 14
0.533758 0.431025 0.762773 0.802484 0.347659 6
0.980734 0.300983 0.039939 0.188520 0.305137 12
0.013500 0.238108 0.027551 0.112842 0.268463 14
