0.894566 0.130993 0.099583 0.255416 0.804979 14
0.668137 0.061698 0.092428 0.121370 0.778178 14
0.762511 0.068088 0.077455 0.136736 0.698180 14
0.139357 0.518387 0.278415 0.545699 0.635131 14
0.732919 0.588735 0.454590 0.624575 0.619647 14
0.831368 0.056416 0.071107 0.111783 0.615341 14
0.111844 0.224386 0.226656 0.441851 0.598648 14
0.954728 0.101711 0.058122 0.152313 0.588261 14
0.290499 0.408611 0.248102 0.730226 0.500292 14
0.733547 0.032065 0.046104 0.062460 0.282871 14
0.457481 0.016542 0.038044 0.034801 0.258350 14
