0.162825 0.627944 0.324394 0.746877 0.808346 14
0.064522 0.290176 0.128748 0.244068 0.797143 6
0.418131 0.422257 0.268623 0.344045 0.780193 14
0.218016 0.170695 0.217704 0.099278 0.770392 6
0.491588 0.859343 0.289230 0.277819 0.652574 14
0.786928 0.736930 0.397551 0.533077 0.642386 14
0.678031 0.552867 0.122223 0.255842 0.637558 14
0.151058 0.154453 0.086209 0.080602 0.531603 6
0.040264 0.165076 0.081474 0.069673 0.467929 6
0.707756 0.176454 0.107223 0.078369 0.450365 6
0.393307 0.164993 0.214285 0.062874 0.336081 6
