0.634592 0.179034 0.089575 0.363437 0.788930 4
0.410477 0.736941 0.082984 0.263780 0.781534 4
0.721006 0.194627 0.092380 0.401728 0.760869 4
0.537241 0.180418 0.083609 0.360556 0.757330 4
0.175998 0.618131 0.092240 0.350081 0.750408 4
0.333863 0.659078 0.092857 0.394435 0.750167 4
0.091836 0.210179 0.072459 0.314301 0.730630 4
0.391908 0.156795 0.067545 0.271598 0.729251 4
0.239340 0.186311 0.062735 0.282008 0.694979 4
0.416747 0.426005 0.076051 0.268059 0.657593 4
0.461778 0.178581 0.077882 0.349666 0.653101 4
0.612374 0.446938 0.081990 0.328112 0.632786 4
0.538621 0.426009 0.080960 0.290366 0.630155 4
0.503585 0.783963 0.087101 0.308216 0.628953 4
0.325927 0.190221 0.070972 0.349788 0.602763 4
0.614306 0.727212 0.096356 0.481372 0.572720 4
0.635481 0.076180 0.078418 0.149320 0.553084 4
0.253163 0.634357 0.074970 0.362390 0.547805 4
0.250899 0.411399 0.069300 0.251491 0.538042 4
0.689855 0.458689 0.089714 0.337759 0.511091 4
0.478353 0.417968 0.068098 0.267554 0.508789 4
0.461871 0.613914 0.080594 0.276840 0.428242 4
0.879859 0.219468 0.238879 0.444666 0.415290 14
0.152706 0.410508 0.068829 0.243952 0.387609 4
0.311224 0.412467 0.065183 0.267440 0.368837 4
0.362019 0.384582 0.057415 0.209325 0.361619 4
0.198908 0.411202 0.062092 0.234353 0.357339 4
0.170889 0.172990 0.087728 0.322218 0.356235 4
0.144774 0.074982 0.061538 0.153153 0.334802 4
0.107740 0.393495 0.049245 0.195683 0.307112 4
0.282459 0.167659 0.054296 0.260800 0.295738 4
0.421090 0.172569 0.137103 0.334765 0.277709 4
0.108112 0.611312 0.074729 0.341995 0.273085 4
