0.213309 0.457922 0.198380 0.217613 0.879820 19
0.955393 0.258899 0.075867 0.082296 0.839027 19
0.814652 0.250545 0.071405 0.078146 0.798858 19
0.383310 0.387566 0.164244 0.152256 0.795385 19
0.672788 0.244412 0.071248 0.082256 0.765410 19
0.142545 0.292404 0.110758 0.106686 0.745646 19
0.653675 0.556207 0.165091 0.333302 0.727911 8
0.515705 0.343754 0.124292 0.125974 0.716292 19
0.810529 0.407258 0.083416 0.164454 0.711854 8
0.555455 0.907872 0.309664 0.185728 0.618729 8
0.442575 0.227726 0.070771 0.079321 0.590825 19
0.559553 0.230927 0.066192 0.061590 0.473826 19
0.419899 0.056298 0.103340 0.108073 0.336749 19
