0.469784 0.200398 0.091481 0.132905 0.769163 14
0.253109 0.726975 0.456851 0.562321 0.722555 14
0.936750 0.438762 0.124260 0.200268 0.605410 8
0.697834 0.627684 0.288584 0.429642 0.578604 14
0.305987 0.379082 0.140110 0.206609 0.538244 14
0.451797 0.504255 0.114431 0.157491 0.486783 8
0.917436 0.783549 0.166679 0.441133 0.451174 14
0.592328 0.435193 0.106440 0.198119 0.447673 8
0.342788 0.581426 0.296333 0.369333 0.432411 14
0.447402 0.385500 0.129363 0.233355 0.399078 14
0.758902 0.408935 0.056646 0.113184 0.378344 8
0.131369 0.819419 0.263349 0.355310 0.310324 14
