0.684989 0.762765 0.108415 0.379390 0.878307 4
0.188353 0.759909 0.104601 0.393441 0.876211 4
0.580193 0.751788 0.089839 0.407536 0.872260 4
0.887920 0.764841 0.110280 0.394721 0.871474 4
0.788543 0.751264 0.102004 0.424759 0.870406 4
0.087784 0.768328 0.111140 0.414493 0.855268 4
0.288219 0.766943 0.101796 0.373126 0.848665 4
0.483788 0.763212 0.102778 0.386094 0.836729 4
0.381987 0.770361 0.095258 0.373985 0.836537 4
0.808118 0.248362 0.109768 0.394462 0.799635 4
0.695135 0.241314 0.112537 0.399003 0.766250 4
0.491323 0.231862 0.090459 0.415791 0.754795 4
0.388780 0.220993 0.084367 0.415395 0.674526 4
0.602400 0.241722 0.092541 0.388731 0.670454 4
0.294572 0.227827 0.115546 0.440491 0.658830 4
0.897623 0.251873 0.107373 0.397874 0.657319 4
0.195167 0.234257 0.112096 0.442648 0.507845 4
0.092134 0.263936 0.116738 0.519898 0.436890 4
