0.870385 0.245920 0.227463 0.417996 0.914317 14
0.687896 0.266855 0.204742 0.361362 0.841673 14
0.178690 0.751644 0.313824 0.377602 0.799083 14
0.386635 0.273165 0.164286 0.360003 0.783858 14
0.457598 0.782563 0.321546 0.323650 0.753320 14
0.650046 0.824886 0.130037 0.210398 0.737860 14
0.271930 0.288005 0.135172 0.340039 0.685930 14
0.808582 0.752122 0.270488 0.363464 0.652295 14
0.521251 0.276772 0.216143 0.351031 0.641132 14
0.134688 0.362065 0.244960 0.298343 0.547858 14
0.615261 0.730810 0.136739 0.217217 0.450612 14
0.518707 0.726914 0.142324 0.228927 0.398682 14
0.368285 0.776290 0.159016 0.300671 0.286735 14
