0.390105 0.670156 0.302600 0.638562 0.911039 14
0.030037 0.544386 0.060948 0.223797 0.840116 14
0.670862 0.530503 0.058310 0.140669 0.816298 14
0.800325 0.531877 0.076789 0.148367 0.774440 14
0.170147 0.519952 0.076133 0.174030 0.767089 14
0.099433 0.568444 0.070899 0.144420 0.700772 14
0.728992 0.532888 0.070322 0.132717 0.669447 14
0.471129 0.202230 0.257227 0.109492 0.543977 2
0.969132 0.622355 0.062758 0.479715 0.540949 14
0.538283 0.550131 0.111841 0.203163 0.518300 14
0.133346 0.522809 0.040640 0.169617 0.435077 14
