0.453681 0.581256 0.309902 0.250189 0.923700 6
0.778379 0.472615 0.212820 0.221151 0.918511 6
0.282809 0.265071 0.151968 0.144658 0.897695 6
0.933589 0.257907 0.130193 0.158394 0.879591 6
0.829569 0.041366 0.086978 0.082016 0.873205 6
0.661636 0.081888 0.093278 0.091784 0.850764 6
0.391855 0.337795 0.180433 0.166731 0.815589 6
0.713872 0.256789 0.127601 0.152982 0.787965 6
0.913000 0.197482 0.127065 0.137530 0.752229 6
0.416453 0.030297 0.101585 0.062794 0.734844 6
0.657288 0.296506 0.149067 0.163834 0.716356 6
0.531955 0.194275 0.144267 0.172269 0.659142 6
0.415993 0.458973 0.232834 0.144388 0.610780 6
0.975892 0.115431 0.049767 0.129171 0.503028 6
0.574777 0.137294 0.113274 0.093471 0.395904 6
0.277861 0.041399 0.058484 0.090407 0.372846 14
0.188257 0.041684 0.104116 0.081875 0.314264 6
0.356551 0.020965 0.047161 0.042168 0.290239 6
0.113611 0.067870 0.104731 0.115740 0.260934 6
