0.486898 0.455539 0.102645 0.336435 0.802369 14
0.787030 0.589178 0.191267 0.375017 0.725904 12
0.947558 0.608230 0.099690 0.306532 0.698413 12
0.233411 0.589967 0.309662 0.489527 0.659038 12
0.520078 0.578322 0.308975 0.424186 0.565797 12
0.729548 0.363844 0.152239 0.081388 0.551177 6
0.206516 0.461138 0.114923 0.387918 0.510715 14
0.972820 0.480661 0.056935 0.305803 0.424563 14
0.032150 0.461662 0.064151 0.231627 0.382787 12
0.622358 0.583211 0.180570 0.401756 0.305282 12
0.607710 0.486301 0.146437 0.313432 0.266716 14
