0.738382 0.789850 0.127731 0.120601 0.857111 6
0.774749 0.920556 0.174902 0.159479 0.834493 6
0.451058 0.817698 0.131031 0.125071 0.833063 6
0.920749 0.700984 0.126637 0.110483 0.832724 6
0.170954 0.808014 0.137866 0.169877 0.803226 6
0.652106 0.695032 0.112556 0.107446 0.800211 6
0.363272 0.580195 0.091098 0.081784 0.724645 6
0.456451 0.940139 0.155651 0.121742 0.646416 6
0.416189 0.639559 0.088120 0.090943 0.635219 6
0.457970 0.718736 0.121986 0.115531 0.503230 6
0.415738 0.509513 0.086872 0.078528 0.436489 6
0.826258 0.434676 0.083612 0.069674 0.427816 6
0.403132 0.607462 0.112976 0.112766 0.379409 6
0.484709 0.171180 0.995503 0.320877 0.338348 5
0.413681 0.510256 0.084895 0.078566 0.331557 5
0.737050 0.415323 0.072204 0.065865 0.328783 6
