0.658343 0.784539 0.101525 0.316194 0.885915 14
0.046703 0.753266 0.095993 0.166577 0.812401 6
0.121666 0.725523 0.118857 0.138016 0.812124 6
0.296447 0.691323 0.115065 0.111711 0.738629 6
0.359128 0.649657 0.100141 0.138453 0.706593 5
0.431093 0.602687 0.061607 0.103516 0.676507 5
0.202159 0.703010 0.110875 0.146851 0.665384 6
0.655061 0.870675 0.094173 0.228162 0.559136 13
0.788598 0.594859 0.025985 0.074179 0.530599 14
0.654955 0.870815 0.095506 0.226992 0.361318 1
0.358719 0.648938 0.097805 0.136802 0.335110 6
