0.123859 0.589481 0.079655 0.340244 0.803950 14
0.026763 0.583001 0.053480 0.335651 0.744555 14
0.707436 0.629951 0.370972 0.751997 0.737654 14
0.337385 0.661500 0.380242 0.687518 0.648758 14
0.931635 0.622330 0.053372 0.125274 0.548920 14
0.525494 0.467158 0.118836 0.193566 0.451800 14
0.808887 0.486951 0.164023 0.291389 0.431236 14
0.897266 0.504901 0.037080 0.099539 0.415161 14
0.175529 0.584792 0.111381 0.358054 0.384956 14
0.196833 0.522522 0.083703 0.227293 0.295218 14
0.080190 0.586992 0.144840 0.347248 0.283655 14
0.817823 0.635385 0.169641 0.674863 0.265112 14
