0.271794 0.391925 0.079699 0.173527 0.674728 14
0.481260 0.867612 0.177621 0.260461 0.639302 8
0.684542 0.682252 0.156477 0.177211 0.625269 8
0.580399 0.475468 0.089763 0.087349 0.568615 14
0.118252 0.722306 0.146420 0.206403 0.521934 14
0.689672 0.580902 0.176418 0.250103 0.483539 14
0.505651 0.657596 0.154796 0.198951 0.472373 8
0.608063 0.837712 0.355515 0.306436 0.465394 8
0.865051 0.496367 0.106093 0.163767 0.462738 8
0.089140 0.908405 0.172813 0.184142 0.431526 8
0.788298 0.298930 0.117620 0.226404 0.429154 15
0.586660 0.619573 0.234348 0.233865 0.421746 10
0.747230 0.873863 0.161048 0.246233 0.420498 8
0.225545 0.147869 0.070744 0.117906 0.351027 14
0.066468 0.840913 0.134634 0.286679 0.324602 14
