0.638829 0.404533 0.103407 0.308265 0.784342 14
0.182500 0.561319 0.123415 0.261841 0.767139 14
0.085934 0.586068 0.119522 0.261895 0.682346 14
0.191779 0.405412 0.111641 0.245766 0.657812 14
0.681269 0.643254 0.225098 0.228147 0.653432 14
0.276022 0.507817 0.105838 0.193170 0.651119 14
0.355238 0.511071 0.077930 0.118533 0.618966 14
0.471257 0.716824 0.971416 0.572002 0.578303 6
0.052008 0.414815 0.077904 0.139092 0.525457 14
0.452532 0.359110 0.159051 0.428909 0.473103 14
0.569965 0.523793 0.128700 0.206396 0.393618 14
0.639733 0.533719 0.095390 0.136025 0.284920 14
0.533876 0.574822 0.198745 0.311582 0.282357 14
