0.839475 0.725343 0.320380 0.545445 0.897911 14
0.610695 0.380190 0.157708 0.199877 0.844279 14
0.419220 0.438359 0.171918 0.293907 0.742159 14
0.329987 0.477357 0.151543 0.320034 0.738305 14
0.125796 0.710624 0.250033 0.538657 0.704668 14
0.259154 0.553367 0.236875 0.436121 0.584765 14
0.466077 0.389766 0.090636 0.219615 0.533580 14
0.758838 0.448598 0.136395 0.254996 0.527561 14
0.408826 0.763705 0.614883 0.471405 0.338441 10
0.781769 0.537258 0.153731 0.230650 0.307521 14
0.725331 0.396452 0.085515 0.153214 0.250499 14
