0.455134 0.429305 0.208644 0.218897 0.885827 15
0.636993 0.685852 0.165910 0.266459 0.825271 15
0.266974 0.124687 0.161801 0.194815 0.769360 15
0.632722 0.430014 0.148399 0.201621 0.767195 15
0.893364 0.733472 0.117931 0.166718 0.746420 15
0.836625 0.274230 0.221524 0.290842 0.739899 15
0.440449 0.683494 0.207225 0.266283 0.729795 15
0.525132 0.920172 0.152162 0.159575 0.694340 15
0.426180 0.150945 0.165151 0.275740 0.685350 15
0.271163 0.362783 0.174020 0.358268 0.670354 15
0.236042 0.628772 0.183829 0.329828 0.586814 15
0.358690 0.918117 0.226464 0.164640 0.580076 15
0.832593 0.617258 0.225866 0.163777 0.559935 15
0.668921 0.234799 0.254854 0.463225 0.510790 15
