0.719268 0.645868 0.151900 0.185016 0.901930 2
0.761276 0.432095 0.082123 0.164063 0.823079 2
0.624740 0.479488 0.098539 0.168884 0.821311 2
0.081623 0.278963 0.044124 0.081501 0.812310 2
0.435936 0.239898 0.065345 0.074804 0.793069 2
0.215430 0.542072 0.077159 0.171971 0.792591 2
0.052787 0.382463 0.044815 0.104073 0.786532 2
0.243842 0.231306 0.044294 0.070536 0.784349 2
0.319749 0.400690 0.061052 0.101595 0.765505 2
0.679105 0.288992 0.054823 0.071441 0.754837 2
0.369719 0.254541 0.041746 0.093513 0.754262 2
0.296268 0.258880 0.036688 0.092961 0.747991 2
0.414303 0.556284 0.156413 0.389863 0.725347 2
0.167236 0.402311 0.071322 0.146376 0.725286 2
0.560457 0.395756 0.085487 0.086126 0.723673 2
0.209558 0.306615 0.041805 0.098471 0.703669 2
0.034504 0.277278 0.041352 0.065578 0.701384 2
0.819196 0.351508 0.040739 0.100427 0.678166 2
0.519009 0.263560 0.052687 0.080308 0.670187 2
0.628093 0.301963 0.053724 0.089144 0.634297 2
0.662290 0.377142 0.065142 0.116868 0.624861 2
0.716531 0.366265 0.058120 0.080981 0.548859 2
0.534869 0.328551 0.047146 0.068049 0.532685 2
0.912046 0.497072 0.066985 0.075538 0.512967 2
0.865006 0.417118 0.047090 0.089032 0.431150 2
0.141645 0.345241 0.042275 0.087656 0.365262 2
0.484509 0.456121 0.105602 0.154933 0.364102 2
0.950071 0.465173 0.085738 0.102615 0.358592 2
