0.264310 0.802850 0.470380 0.241499 0.924499 6
0.699782 0.719906 0.445087 0.203425 0.915344 6
0.884850 0.505656 0.173518 0.105665 0.905391 6
0.462100 0.633994 0.391995 0.144340 0.843896 6
0.113997 0.506660 0.171045 0.092866 0.834455 6
0.291193 0.529391 0.056403 0.149811 0.675053 14
0.413077 0.535278 0.247065 0.113374 0.605904 6
0.589962 0.514189 0.306056 0.114273 0.435025 6
0.682964 0.503543 0.122033 0.079718 0.369977 6
0.034736 0.555995 0.042216 0.110876 0.316786 6
0.923152 0.430137 0.026610 0.053282 0.313034 14
0.873128 0.438166 0.034037 0.082449 0.278304 14
