0.394980 0.283550 0.151048 0.239166 0.860263 14
0.570036 0.298877 0.143248 0.230065 0.811882 14
0.696852 0.323836 0.143023 0.291104 0.709980 14
0.797627 0.332940 0.161040 0.317664 0.705715 14
0.904784 0.482772 0.192696 0.467775 0.606557 14
0.276833 0.245864 0.116460 0.120234 0.539102 14
0.816985 0.435343 0.157056 0.225528 0.534886 14
0.112377 0.624153 0.226911 0.755646 0.475473 14
0.277024 0.638977 0.340435 0.710440 0.348990 14
0.194750 0.828523 0.390358 0.343002 0.343587 8
0.581901 0.686706 0.651661 0.638104 0.328817 10
0.078379 0.342800 0.103804 0.226549 0.301370 14
