0.135755 0.756679 0.057199 0.061198 0.744072 8
0.138119 0.883185 0.129171 0.229586 0.722782 8
0.053989 0.904834 0.109944 0.188480 0.715286 8
0.961947 0.686822 0.075449 0.176477 0.676698 14
0.451619 0.908943 0.234110 0.185368 0.672444 8
0.766539 0.931516 0.196076 0.133254 0.640401 8
0.191344 0.785839 0.088159 0.129218 0.522003 8
0.293761 0.803575 0.104782 0.138973 0.513691 8
0.740558 0.738911 0.052388 0.150707 0.444904 14
0.621911 0.813658 0.093165 0.132598 0.411083 8
0.559244 0.718556 0.042476 0.098498 0.406147 14
0.789638 0.792050 0.071145 0.102362 0.399347 8
0.729339 0.888919 0.142482 0.141506 0.397592 8
0.965848 0.800855 0.067965 0.399872 0.381227 14
0.647737 0.931853 0.309861 0.138164 0.369819 10
0.392818 0.794432 0.093863 0.120934 0.349886 8
0.189433 0.696523 0.041379 0.078853 0.330660 14
0.307825 0.809080 0.101434 0.127917 0.328538 10
0.532258 0.776321 0.056896 0.062807 0.308101 8
0.663257 0.925003 0.317736 0.153725 0.282621 8
