0.056428 0.731767 0.062130 0.239773 0.857446 4
0.197277 0.686715 0.053635 0.195626 0.824081 4
0.246118 0.454188 0.042525 0.165674 0.725709 4
0.351008 0.694273 0.277976 0.607650 0.713788 14
0.144959 0.444626 0.049038 0.210852 0.689530 4
0.160232 0.929132 0.051737 0.143521 0.682694 4
0.109877 0.444288 0.067921 0.217352 0.658198 4
0.119929 0.931523 0.055036 0.135975 0.623175 4
0.660320 0.609077 0.479640 0.758177 0.497641 14
0.264581 0.448436 0.051856 0.161085 0.403791 4
0.972324 0.653900 0.047133 0.165135 0.395875 4
0.306432 0.277325 0.043554 0.154832 0.353687 4
0.928961 0.658097 0.046800 0.149833 0.342773 4
