0.437841 0.192905 0.083459 0.207119 0.862179 4
0.528665 0.193239 0.082942 0.208643 0.856330 4
0.352529 0.190573 0.079931 0.211535 0.821892 4
0.610373 0.496753 0.077273 0.143639 0.659447 4
0.614840 0.187524 0.093301 0.204521 0.544767 4
0.703389 0.191586 0.087514 0.207652 0.496262 4
0.526750 0.498717 0.081246 0.154563 0.475949 4
0.693705 0.490948 0.082484 0.129118 0.460216 4
0.603655 0.670160 0.084011 0.131686 0.434155 4
0.193425 0.500398 0.059239 0.136576 0.394155 4
0.268586 0.212826 0.088773 0.249681 0.254348 4
