0.065866 0.699514 0.133100 0.166825 0.859566 6
0.634366 0.698087 0.103741 0.077310 0.853569 6
0.402768 0.687932 0.153062 0.139049 0.816175 6
0.297400 0.813437 0.196403 0.377337 0.769922 14
0.546421 0.698118 0.117509 0.094305 0.767461 6
0.781690 0.693263 0.057218 0.128143 0.719327 14
0.180380 0.710312 0.149066 0.131150 0.667947 6
0.842574 0.681380 0.080978 0.077350 0.571387 6
0.706078 0.696887 0.083052 0.072154 0.555710 6
0.320707 0.481731 0.030848 0.103280 0.540791 14
0.368096 0.714864 0.063889 0.081471 0.495236 6
0.781502 0.690004 0.069882 0.107302 0.340737 6
