0.278517 0.660571 0.120204 0.172060 0.774561 8
0.386335 0.839966 0.261696 0.325117 0.737984 8
0.668293 0.858661 0.314327 0.284114 0.576836 8
0.696463 0.664348 0.104471 0.202700 0.515707 8
0.774173 0.695256 0.097310 0.189295 0.428860 8
0.071686 0.770742 0.142436 0.434324 0.421970 8
0.959343 0.673859 0.082649 0.194247 0.351930 8
0.889305 0.775379 0.202649 0.307279 0.293537 8
0.559955 0.527367 0.121907 0.105777 0.272021 15
0.380457 0.656864 0.117618 0.177172 0.256476 8
0.580427 0.827056 0.237682 0.333928 0.250620 8
