0.666003 0.189672 0.098611 0.315192 0.875742 14
0.740061 0.177759 0.072944 0.308699 0.822953 14
0.326133 0.212248 0.123470 0.338197 0.819233 14
0.937075 0.179622 0.125484 0.360426 0.775521 12
0.227627 0.186585 0.107239 0.376306 0.762790 14
0.053315 0.793844 0.107286 0.420591 0.713452 14
0.468642 0.624534 0.671003 0.591208 0.639382 12
0.028331 0.206335 0.058336 0.395276 0.632359 14
0.754861 0.875217 0.150406 0.251051 0.383336 14
0.819285 0.170633 0.098026 0.317203 0.338363 12
0.283992 0.073531 0.072162 0.140550 0.300441 14
0.812314 0.173026 0.097148 0.310215 0.286770 14
0.516853 0.905585 0.350491 0.191425 0.261506 14
