0.225189 0.258834 0.142905 0.211108 0.815826 14
0.740140 0.349010 0.220959 0.375277 0.777661 14
0.593394 0.312064 0.172659 0.298253 0.751219 14
0.168471 0.832396 0.343237 0.337905 0.735800 8
0.505663 0.292801 0.117461 0.259326 0.720301 14
0.303435 0.358582 0.035108 0.143829 0.701265 4
0.395791 0.380372 0.042704 0.154489 0.650504 4
0.502034 0.485169 0.053675 0.177432 0.642925 4
0.444568 0.439317 0.047329 0.172243 0.589560 4
0.132295 0.474155 0.257289 0.520717 0.541422 14
0.779574 0.575232 0.452368 0.771286 0.515089 14
0.763178 0.812438 0.476434 0.375769 0.495057 8
0.233752 0.347025 0.029847 0.091858 0.363235 4
0.480880 0.639570 0.791048 0.549393 0.265498 10
