0.789734 0.619282 0.108915 0.412254 0.869453 14
0.053312 0.624651 0.107923 0.230969 0.762298 14
0.338233 0.658105 0.094724 0.324378 0.702139 14
0.707201 0.805545 0.141588 0.220769 0.699561 8
0.180587 0.566212 0.116433 0.243302 0.671648 14
0.489002 0.534470 0.064798 0.200286 0.633612 14
0.517313 0.809956 0.107447 0.217269 0.514801 8
0.888828 0.510441 0.057169 0.139834 0.472936 14
0.252865 0.592175 0.083267 0.147260 0.428452 14
0.673807 0.704271 0.082774 0.302879 0.417805 14
0.292575 0.841639 0.183095 0.318423 0.406089 8
0.517194 0.776341 0.102214 0.272807 0.342095 14
0.263176 0.680576 0.125448 0.333571 0.338918 14
0.920935 0.737122 0.052184 0.143627 0.257720 14
