0.403311 0.414717 0.138614 0.261601 0.864571 14
0.827527 0.694926 0.340363 0.561139 0.704822 14
0.466461 0.685885 0.047958 0.188362 0.703864 4
0.535000 0.506091 0.174563 0.317167 0.669716 14
0.186274 0.473756 0.105722 0.218668 0.644340 14
0.629404 0.501089 0.207320 0.401507 0.550384 14
0.583075 0.826272 0.745924 0.343856 0.486300 10
0.111712 0.586863 0.223118 0.413387 0.484169 14
0.113494 0.860350 0.229845 0.216655 0.471337 19
0.879637 0.311427 0.083329 0.131510 0.377505 14
0.743613 0.409162 0.112358 0.181017 0.258925 14
