0.594580 0.180167 0.095972 0.151073 0.761847 14
0.362483 0.395704 0.215443 0.302832 0.697790 14
0.494657 0.193259 0.070380 0.156682 0.686233 14
0.723401 0.269462 0.122735 0.231875 0.679149 14
0.396011 0.228307 0.110507 0.146172 0.671592 14
0.782369 0.374683 0.162686 0.270824 0.666966 14
0.534421 0.394919 0.046022 0.183221 0.634394 4
0.277138 0.259194 0.107358 0.194963 0.627931 14
0.807673 0.642338 0.379814 0.692240 0.600910 14
0.171614 0.630005 0.341375 0.748007 0.597908 14
0.226587 0.478742 0.224629 0.400972 0.376987 14
0.478343 0.678614 0.817764 0.651883 0.274910 10
