0.504542 0.275341 0.130814 0.277414 0.847696 14
0.711033 0.427308 0.286992 0.399738 0.766506 14
0.274069 0.418100 0.169614 0.312285 0.719597 14
0.218307 0.265890 0.098279 0.289975 0.663316 14
0.629344 0.577679 0.071548 0.165762 0.658524 4
0.163192 0.565280 0.328118 0.495580 0.615071 14
0.873906 0.576743 0.248921 0.510062 0.534364 14
0.532132 0.776609 0.960973 0.446101 0.489934 10
0.064849 0.837704 0.129320 0.320371 0.364419 8
0.701027 0.334432 0.123985 0.216572 0.349956 14
0.944613 0.839741 0.110556 0.315730 0.344760 8
0.651202 0.349154 0.076052 0.125398 0.310252 8
0.321023 0.305793 0.084942 0.174932 0.263752 14
