0.343821 0.414483 0.445235 0.343085 0.920205 6
0.883138 0.192622 0.049857 0.063503 0.863843 14
0.803504 0.352747 0.398449 0.274508 0.828070 6
0.570315 0.307299 0.061528 0.208950 0.827066 14
0.429033 0.238554 0.027798 0.041185 0.690234 14
0.032299 0.355624 0.061875 0.200368 0.666199 14
0.204620 0.280527 0.064054 0.122167 0.662473 14
0.983731 0.182372 0.034159 0.073834 0.642920 14
0.622031 0.300414 0.049809 0.190239 0.619885 14
0.470392 0.255051 0.046306 0.098972 0.590350 14
0.934722 0.194640 0.042814 0.045066 0.560655 14
0.359001 0.241352 0.033091 0.035279 0.548711 14
0.093062 0.287364 0.055183 0.084334 0.520946 14
0.511489 0.257391 0.043543 0.102339 0.462429 14
0.091553 0.344316 0.059702 0.200659 0.412958 14
0.962841 0.265066 0.069325 0.072874 0.368948 14
0.401709 0.243225 0.025958 0.027883 0.283385 14
