0.509996 0.509641 0.669862 0.276770 0.824508 6
0.389451 0.371311 0.067004 0.178727 0.803338 14
0.169948 0.426400 0.083836 0.256428 0.780831 14
0.104466 0.389686 0.054848 0.185433 0.713015 14
0.602927 0.325496 0.069717 0.112342 0.697674 14
0.060559 0.394133 0.060575 0.191392 0.675279 14
0.273995 0.372077 0.079258 0.204881 0.663541 14
0.442506 0.355107 0.048806 0.125644 0.648657 14
0.734028 0.354391 0.108589 0.065120 0.594591 6
0.568832 0.439907 0.048243 0.058187 0.533855 14
0.805832 0.342429 0.033300 0.075219 0.368436 14
