0.932599 0.623764 0.109850 0.403915 0.856329 4
0.817558 0.613781 0.126334 0.439318 0.840315 4
0.661111 0.595631 0.092198 0.436789 0.838265 4
0.234405 0.604319 0.104264 0.439474 0.829243 4
0.115924 0.631800 0.101802 0.382294 0.826881 4
0.391931 0.613859 0.096050 0.420310 0.733936 4
0.321671 0.619518 0.085492 0.380783 0.719957 4
0.520933 0.614930 0.090990 0.401545 0.716866 4
0.041443 0.628609 0.080114 0.373021 0.665793 4
0.588786 0.589540 0.068753 0.405198 0.664163 4
0.380382 0.377659 0.110788 0.177030 0.640376 14
0.462155 0.610177 0.060454 0.365547 0.567645 4
0.721211 0.599078 0.074992 0.445777 0.323267 4
0.522317 0.436512 0.063789 0.185410 0.294472 4
