0.084283 0.721884 0.098335 0.097947 0.854730 2
0.199081 0.366598 0.073838 0.074134 0.807124 2
0.163723 0.308942 0.069505 0.047364 0.663746 2
0.341578 0.476112 0.085267 0.179287 0.634745 2
0.740778 0.430333 0.088017 0.063008 0.622492 2
0.520069 0.544823 0.191316 0.162351 0.453728 2
0.444334 0.234912 0.050000 0.038696 0.442136 2
0.534857 0.230759 0.102548 0.104204 0.416146 11
0.532750 0.232221 0.109796 0.101943 0.402391 2
0.545974 0.491898 0.104176 0.061087 0.347851 2
0.650670 0.208388 0.044273 0.070595 0.289696 11
0.213131 0.157138 0.051303 0.046583 0.274250 2
0.742565 0.610882 0.170778 0.115534 0.263384 2
