0.222617 0.282830 0.079903 0.243606 0.842693 14
0.145919 0.406219 0.079984 0.112447 0.754982 14
0.835787 0.339856 0.071993 0.165223 0.743182 14
0.027936 0.441364 0.055748 0.175794 0.726958 14
0.743073 0.279040 0.092214 0.211396 0.674783 14
0.305079 0.254489 0.070508 0.177931 0.647094 14
0.896500 0.329026 0.081369 0.193597 0.640671 14
0.108570 0.337215 0.062347 0.124263 0.630183 14
0.597338 0.253825 0.064292 0.092860 0.602840 14
0.755056 0.335958 0.100409 0.163273 0.590721 14
0.214439 0.390534 0.064082 0.083741 0.579650 14
0.470810 0.394414 0.067219 0.084717 0.294288 14
0.294106 0.315262 0.055829 0.132812 0.287216 14
0.014391 0.288984 0.028693 0.191716 0.264641 14
