0.684722 0.538437 0.058237 0.223011 0.750331 4
0.829255 0.557141 0.053848 0.215476 0.731458 4
0.165653 0.628646 0.332631 0.735408 0.580035 14
0.883533 0.372734 0.226645 0.362651 0.523261 14
0.768553 0.472286 0.047586 0.193464 0.456742 4
0.667148 0.733005 0.670003 0.537023 0.451363 10
0.878849 0.613244 0.057262 0.176392 0.427651 4
0.846187 0.585703 0.061366 0.188427 0.412431 4
0.584207 0.419712 0.059400 0.072773 0.388211 14
0.383015 0.584823 0.395492 0.803413 0.341834 14
0.475324 0.330811 0.178583 0.284776 0.310318 14
0.913285 0.367079 0.043693 0.101938 0.306410 4
