0.363738 0.631804 0.763378 0.563912 0.823057 6
0.939782 0.485766 0.090343 0.214151 0.799420 14
0.710351 0.443660 0.079472 0.387019 0.750747 14
0.546564 0.381312 0.097871 0.186934 0.725300 14
0.851948 0.343332 0.137858 0.088597 0.675929 6
0.642998 0.395987 0.084047 0.232612 0.612050 14
0.947473 0.331919 0.076547 0.200255 0.569135 14
0.524227 0.320497 0.084588 0.257907 0.535159 14
0.053254 0.441934 0.105829 0.178088 0.485495 14
0.982047 0.314856 0.036114 0.189647 0.484507 14
0.385885 0.430107 0.059025 0.063703 0.389668 14
0.646036 0.315046 0.103159 0.243968 0.305587 14
