0.689568 0.586981 0.068232 0.267956 0.914663 14
0.341926 0.641748 0.221130 0.203844 0.913262 6
0.562250 0.584763 0.068747 0.218096 0.850869 14
0.916818 0.631706 0.069319 0.304158 0.834727 14
0.507296 0.582622 0.048198 0.197538 0.807111 14
0.966654 0.632204 0.062945 0.331263 0.772647 14
0.623108 0.601471 0.062854 0.232811 0.709599 14
0.466659 0.584962 0.053894 0.183489 0.708277 14
0.806158 0.606627 0.079225 0.332885 0.634292 14
0.128861 0.675387 0.258208 0.643311 0.612160 14
0.762958 0.599363 0.068275 0.300625 0.601926 14
0.213696 0.569074 0.029363 0.075770 0.420049 14
0.703692 0.281397 0.060063 0.146390 0.367172 14
0.755067 0.226886 0.053522 0.094711 0.335760 14
0.189803 0.568779 0.025964 0.073230 0.321968 14
