0.380853 0.822786 0.751217 0.349901 0.871451 10
0.522650 0.552834 0.202886 0.286677 0.861313 14
0.335797 0.557911 0.189319 0.257397 0.858358 14
0.315585 0.413880 0.171995 0.398933 0.843827 14
0.637180 0.479620 0.125879 0.412700 0.835914 14
0.739799 0.488134 0.134589 0.473820 0.790804 14
0.144171 0.448027 0.194231 0.437401 0.759222 14
0.447382 0.425821 0.177412 0.357436 0.704354 14
0.872331 0.809511 0.246529 0.375297 0.665051 8
0.880052 0.473249 0.201751 0.521715 0.515312 14
0.250181 0.359138 0.043098 0.068258 0.295238 14
