0.419740 0.596050 0.136903 0.173922 0.697330 3
0.681652 0.288028 0.073449 0.072980 0.694657 3
0.187221 0.352519 0.160407 0.136146 0.691122 3
0.718129 0.196564 0.077251 0.063051 0.645940 3
0.843463 0.196923 0.086406 0.050946 0.635640 3
0.599923 0.289859 0.057116 0.088683 0.612131 3
0.969184 0.258572 0.064577 0.120804 0.601415 3
0.297008 0.316895 0.072089 0.088501 0.558756 3
0.952404 0.398313 0.097741 0.099134 0.552659 3
0.784205 0.294638 0.081179 0.056750 0.345052 3
0.967302 0.196125 0.064760 0.055661 0.322826 3
0.074831 0.177307 0.149024 0.110888 0.291189 3
