0.786593 0.595147 0.091024 0.400629 0.819380 14
0.418299 0.604337 0.120494 0.455914 0.793131 14
0.704395 0.609734 0.111576 0.408850 0.787262 14
0.227919 0.547890 0.077055 0.292084 0.739910 14
0.837864 0.686397 0.232830 0.231945 0.735434 1
0.502825 0.548313 0.102823 0.390019 0.622113 14
0.162752 0.551966 0.076301 0.263501 0.595878 14
0.585441 0.620240 0.152588 0.233151 0.397271 1
0.171227 0.602168 0.135320 0.183036 0.387876 1
0.965879 0.649318 0.066797 0.182957 0.361473 1
0.668922 0.424105 0.046130 0.079683 0.303155 14
0.314812 0.595368 0.134738 0.183879 0.285217 1
0.132093 0.597557 0.080075 0.177376 0.280913 1
