0.772871 0.626746 0.085080 0.291253 0.817582 14
0.930829 0.725033 0.134990 0.219278 0.789660 1
0.276379 0.730287 0.125481 0.260207 0.775552 1
0.793629 0.699362 0.118331 0.182904 0.762578 1
0.270851 0.620116 0.097850 0.317994 0.758494 14
0.947602 0.639374 0.100223 0.318677 0.757698 14
0.647348 0.707595 0.111174 0.194811 0.750531 1
0.659166 0.627616 0.109943 0.295493 0.750184 14
0.514248 0.614077 0.134542 0.289666 0.720025 14
0.503667 0.712595 0.113706 0.212252 0.679620 1
0.358732 0.586560 0.053458 0.175778 0.589620 14
0.333701 0.659952 0.078590 0.169487 0.465242 1
0.388138 0.623241 0.082510 0.107372 0.437743 1
