0.672555 0.722558 0.109099 0.224096 0.831403 1
0.520355 0.687291 0.114546 0.230655 0.812424 1
0.368861 0.663189 0.121600 0.223542 0.799657 1
0.366872 0.573346 0.110407 0.364165 0.791270 14
0.415440 0.557412 0.092347 0.399410 0.757860 14
0.533135 0.581499 0.140654 0.411024 0.749808 14
0.672511 0.622913 0.108510 0.360569 0.741484 14
0.226402 0.635253 0.143041 0.230883 0.694839 1
0.728474 0.606515 0.118969 0.419456 0.689214 14
0.274828 0.538786 0.080961 0.359909 0.681549 14
0.205698 0.542794 0.116331 0.328237 0.671354 14
