0.863544 0.546053 0.275537 0.300444 0.842424 12
0.891468 0.437011 0.092945 0.245883 0.775035 14
0.218707 0.426891 0.094189 0.173981 0.702617 14
0.191056 0.530905 0.154755 0.285025 0.645230 12
0.766488 0.405254 0.065744 0.161510 0.622353 14
0.567779 0.417565 0.117131 0.120808 0.606635 12
0.668444 0.364354 0.038837 0.092346 0.580887 14
0.412221 0.555462 0.255019 0.354979 0.543009 12
0.559582 0.379578 0.043636 0.094816 0.494413 14
0.704550 0.516797 0.155470 0.275920 0.477382 12
0.319117 0.539135 0.155316 0.390896 0.471732 12
0.355131 0.461128 0.120198 0.297404 0.395796 14
0.655278 0.416180 0.092797 0.109031 0.271933 12
