0.289862 0.264923 0.066959 0.104743 0.767429 14
0.926396 0.314093 0.113783 0.350711 0.766087 14
0.862621 0.283075 0.058799 0.189967 0.761255 14
0.345051 0.259583 0.055817 0.102197 0.714219 14
0.218464 0.265623 0.051733 0.100759 0.631902 14
0.498654 0.612859 0.935405 0.710936 0.553251 6
0.663456 0.285328 0.085803 0.185150 0.477333 14
0.063101 0.389973 0.124064 0.198534 0.432019 6
0.968118 0.358787 0.063915 0.369293 0.424085 14
0.196893 0.284540 0.075636 0.118353 0.338894 14
0.097104 0.264356 0.065273 0.129434 0.320882 15
0.173264 0.295644 0.053717 0.112422 0.300761 14
