0.600503 0.353434 0.176890 0.374100 0.781096 14
0.760067 0.358671 0.198853 0.358753 0.767858 14
0.946238 0.713349 0.105300 0.387232 0.757135 9
0.081794 0.545851 0.158323 0.619888 0.730711 14
0.483151 0.372675 0.153277 0.364312 0.687771 14
0.229481 0.558361 0.185485 0.612892 0.620711 14
0.826563 0.719327 0.141005 0.380863 0.592921 9
0.627369 0.714494 0.291243 0.377732 0.506688 16
0.364629 0.763033 0.225336 0.356336 0.424397 9
0.704376 0.710562 0.157601 0.374090 0.319100 9
0.360382 0.764345 0.222776 0.359442 0.290456 12
0.842517 0.349415 0.095398 0.386081 0.263387 14
