0.536460 0.572745 0.275056 0.732734 0.860021 14
0.061784 0.336244 0.103482 0.276716 0.829406 14
0.273223 0.340456 0.096270 0.259360 0.815851 14
0.862168 0.848682 0.117648 0.171672 0.769961 2
0.732028 0.876427 0.139883 0.120190 0.739364 2
0.446762 0.869538 0.107444 0.135150 0.696963 2
0.943672 0.864987 0.112923 0.140605 0.645306 2
0.640089 0.675979 0.116994 0.095014 0.457594 16
0.641249 0.804727 0.143512 0.108262 0.457451 2
0.604014 0.869535 0.045399 0.089120 0.307746 2
0.640335 0.676661 0.116295 0.094077 0.265123 11
