0.704605 0.685505 0.438131 0.619371 0.835849 14
0.459943 0.356968 0.166653 0.134799 0.795729 14
0.325173 0.326967 0.085272 0.124829 0.768349 14
0.236132 0.460035 0.128970 0.166358 0.723023 14
0.235503 0.341111 0.128277 0.171603 0.702629 14
0.582179 0.390891 0.129747 0.138364 0.687959 14
0.904260 0.569829 0.195145 0.464040 0.683145 14
0.693146 0.372759 0.112811 0.107924 0.666453 14
0.082698 0.514186 0.167228 0.413675 0.625026 14
0.142856 0.526704 0.115403 0.217007 0.604445 14
0.778281 0.439043 0.098214 0.117204 0.588302 14
0.323557 0.436432 0.113421 0.155933 0.369056 14
0.462892 0.443838 0.107234 0.125097 0.338159 15
0.314377 0.735271 0.566994 0.515188 0.303690 10
