0.675523 0.687853 0.264232 0.283672 0.894959 12
0.665995 0.597759 0.071146 0.216634 0.763713 14
0.115264 0.688917 0.068383 0.174458 0.751173 12
0.115469 0.621954 0.073856 0.154151 0.750823 14
0.324470 0.665812 0.131242 0.213599 0.734875 12
0.179614 0.679056 0.070862 0.152119 0.646543 12
0.270977 0.607521 0.057768 0.159111 0.636997 14
0.269906 0.684768 0.100450 0.166644 0.502579 12
0.314063 0.609371 0.053359 0.155518 0.467885 14
0.240562 0.687032 0.054729 0.159578 0.400016 12
0.219880 0.680162 0.144968 0.173183 0.368147 12
