0.922684 0.646186 0.105859 0.246221 0.859945 14
0.677212 0.624005 0.087405 0.313149 0.856284 14
0.788093 0.690878 0.086329 0.120974 0.842584 11
0.098907 0.711708 0.175139 0.577254 0.769850 14
0.389961 0.610119 0.098394 0.339137 0.752888 14
0.212313 0.543799 0.038783 0.116070 0.741918 14
0.485093 0.682690 0.148587 0.458573 0.681882 14
0.741127 0.529723 0.036798 0.111421 0.596295 14
0.299425 0.685741 0.152946 0.188984 0.568790 12
0.035717 0.833328 0.074455 0.348574 0.419326 12
0.173577 0.528904 0.038020 0.122606 0.312828 14
0.535962 0.523719 0.039238 0.112177 0.306948 14
