0.508763 0.339665 0.122320 0.256224 0.795386 14
0.646318 0.340298 0.163190 0.251608 0.729796 14
0.311473 0.378291 0.144772 0.270651 0.726786 14
0.265250 0.646107 0.348857 0.671755 0.708668 14
0.808958 0.782202 0.343690 0.435742 0.688656 8
0.536826 0.819432 0.198556 0.357659 0.600359 8
0.798296 0.634603 0.340836 0.705793 0.593206 14
0.445941 0.313242 0.095388 0.264396 0.578741 14
0.242279 0.791859 0.350804 0.420989 0.544231 8
0.075028 0.467567 0.117560 0.277112 0.370672 8
0.515341 0.634767 0.508192 0.515764 0.343490 10
