0.173485 0.169830 0.121214 0.338354 0.873468 14
0.279484 0.165886 0.113283 0.329429 0.858928 14
0.835159 0.271303 0.097866 0.368487 0.827041 14
0.920430 0.275320 0.079488 0.349319 0.791669 14
0.755682 0.400225 0.117979 0.117746 0.721637 15
0.579672 0.065259 0.040273 0.122275 0.497298 14
0.622185 0.069516 0.053194 0.120554 0.461311 14
0.896840 0.091484 0.087339 0.142915 0.424633 14
0.974689 0.268819 0.051059 0.352891 0.359598 14
0.354626 0.533246 0.464985 0.404620 0.322139 9
0.044294 0.405719 0.090948 0.153524 0.313379 15
0.868354 0.057701 0.041758 0.091127 0.282437 14
0.372952 0.302775 0.211159 0.127138 0.281202 9
0.359515 0.530187 0.460164 0.396420 0.278095 16
