0.158813 0.133729 0.107754 0.150221 0.793977 14
0.245957 0.143545 0.084128 0.133957 0.791326 14
0.304726 0.145438 0.075380 0.116854 0.707088 14
0.917756 0.227579 0.072553 0.248625 0.695134 14
0.487129 0.570936 0.990340 0.839869 0.688368 6
0.771804 0.119383 0.079293 0.088314 0.673763 14
0.418272 0.135419 0.061080 0.060244 0.656964 14
0.085655 0.150069 0.091003 0.132232 0.655681 14
0.707907 0.118014 0.045010 0.061601 0.652147 14
0.972407 0.207394 0.053966 0.299082 0.616632 14
0.025924 0.132284 0.052215 0.173031 0.420484 14
0.354922 0.131399 0.057612 0.081982 0.261392 14
