0.261306 0.530507 0.135619 0.460502 0.816470 14
0.688380 0.623984 0.233406 0.388367 0.812055 8
0.421148 0.625242 0.227257 0.426612 0.611662 8
0.556838 0.309806 0.180287 0.258556 0.573750 15
0.833728 0.582175 0.164824 0.352093 0.519218 8
0.706941 0.435163 0.107205 0.246956 0.499628 14
0.448892 0.520122 0.152474 0.435017 0.486100 14
0.939620 0.778743 0.121190 0.395819 0.394436 11
0.364250 0.369368 0.088816 0.128629 0.294840 14
0.571760 0.597713 0.291803 0.353248 0.280526 10
0.364398 0.369572 0.088899 0.128652 0.258036 8
