0.720609 0.524292 0.178575 0.258695 0.875322 14
0.513093 0.483386 0.179316 0.233848 0.846652 14
0.681641 0.766948 0.058561 0.208190 0.839119 4
0.854600 0.713650 0.045912 0.187909 0.788002 4
0.258922 0.360104 0.145796 0.224016 0.758193 14
0.293436 0.475592 0.154193 0.224071 0.752726 14
0.215002 0.693420 0.394130 0.582280 0.703487 14
0.760231 0.340757 0.076070 0.173721 0.605711 14
0.956681 0.612859 0.087886 0.387685 0.575799 14
0.509478 0.036085 0.175131 0.073522 0.534885 1
0.607042 0.789400 0.640864 0.427388 0.478050 10
0.485352 0.554297 0.042030 0.099778 0.425381 4
0.158346 0.827146 0.300374 0.348616 0.363095 8
