0.872136 0.586259 0.165216 0.270707 0.858450 8
0.747840 0.574812 0.113565 0.249005 0.850158 8
0.222233 0.794513 0.198848 0.369648 0.817966 8
0.087738 0.775314 0.172969 0.368825 0.801357 8
0.625961 0.558185 0.145759 0.248808 0.755304 8
0.158528 0.486487 0.104702 0.160779 0.731334 14
0.260935 0.459033 0.084108 0.144725 0.708023 14
0.931459 0.281403 0.129947 0.267052 0.698691 15
0.763062 0.367951 0.084947 0.120512 0.688044 14
0.453499 0.725875 0.189376 0.385021 0.681138 8
0.361282 0.373063 0.051977 0.076658 0.590164 14
0.086438 0.576906 0.158754 0.343422 0.578137 14
0.869885 0.476008 0.166710 0.294126 0.576202 14
0.836384 0.365911 0.061850 0.108174 0.555850 14
0.469136 0.558535 0.178802 0.376565 0.549229 14
0.583704 0.391708 0.081159 0.130310 0.525416 14
0.690107 0.369431 0.064849 0.117997 0.513222 14
0.643273 0.471499 0.121487 0.277650 0.497232 14
0.304793 0.381843 0.056087 0.091253 0.493875 14
